0.000521870218036
0.000356495120540
0.000102534044152
-0.000291689457192
-0.000735104357041
-0.000869088620110
-0.000389244311502
0.000460276108915
0.001007332170965
0.000837621740824
0.000155123002771
-0.000529723092504
-0.000870517494175
-0.000874776631891
-0.000734515228463
-0.000466680716576
0.000058305459800
0.000654912229415
0.000841801320165
0.000431508938879
-0.000247752045549
-0.000723800874467
-0.000800029975335
-0.000639697123470
-0.000494115310065
-0.000354956348209
-0.000010029813144
0.000508954286614
0.000826344129762
0.000677897490831
0.000217763266345
-0.000183388832817
-0.000294560142884
-0.000171680396352
-0.000041387206556
-0.000030763278512
-0.000044598546062
0.000004547801612
0.000013630707674
-0.000109841316524
-0.000242318467644
-0.000198491726649
-0.000006933965005
0.000099053364747
-0.000046795841638
-0.000329927733159
-0.000431246161575
-0.000207197288394
0.000064189459200
0.000006378970676
-0.000394408161133
-0.000813489206391
-0.000931513466298
-0.000693613556689
-0.000314715343595
0.000002807799244
0.000280066502989
0.000559958386654
0.000675060776546
0.000438912641483
-0.000032247924467
-0.000366115120547
-0.000295439410546
0.000046515975978
0.000203661826042
-0.000098781665358
-0.000584128812826
-0.000747448634272
-0.000418393457755
0.000118810026006
0.000460279905693
0.000506395651579
0.000496953517890
0.000625439069206
0.000782568003516
0.000731499571566
0.000431468426289
0.000072068297525
-0.000189879620124
-0.000371532498947
-0.000493400249284
-0.000455129013150
-0.000203288089600
0.000130177390127
0.000327114628919
0.000283483010546
0.000140870183771
0.000152290923066
0.000352297520526
0.000459436749772
0.000223961347255
-0.000218122300430
-0.000491736394400
-0.000395811207918
-0.000097632806502
0.000048916615523
-0.000093075074152
-0.000313443965932
-0.000370164430480
-0.000268478942121
-0.000151858638129
-0.000034366529559
0.000169036040815
0.000388271340100
0.000388903009097
0.000033331223194
-0.000483839731055
-0.000711698958650
-0.000400042685595
0.000183633529498
0.000559233202465
0.000542269663532
0.000306039631907
0.000092311742162
-0.000025056105373
-0.000153055323645
-0.000347467376120
-0.000462982161523
-0.000371236524132
-0.000189096856722
-0.000139121832879
-0.000246932328194
-0.000315692699365
-0.000204300012198
-0.000003813874153
0.000076349155034
-0.000049910490312
-0.000211655546225
-0.000157604465832
0.000094346175774
0.000250785019263
0.000154506383240
-0.000041683546260
-0.000162317639151
-0.000206663150710
-0.000264369541259
-0.000379333283573
-0.000443425608016
-0.000287042584212
0.000041459943610
0.000284911065006
0.000299343024090
0.000148746292453
-0.000060430194925
-0.000273779587265
-0.000465755695505
-0.000571455723844
-0.000451253054755
-0.000020263440041
0.000521527734513
0.000740922340479
0.000405132878436
-0.000222238654306
-0.000631154612396
-0.000585545058057
-0.000322912696823
-0.000229600602598
-0.000389952607485
-0.000543541541655
-0.000465928262944
-0.000232451013908
-0.000053945778197
0.000006229238113
0.000053874894488
0.000144699768368
0.000159005169952
-0.000012776131819
-0.000241501673375
-0.000269819600780
-0.000044081366528
0.000156088373770
-0.000008329119795
-0.000502740244785
-0.000883681712803
-0.000788025915999
-0.000315166790319
0.000153892786712
0.000390568234180
0.000476629993760
0.000557509717938
0.000553411285270
0.000264973472144
-0.000233087843197
-0.000566584526012
-0.000516109600466
-0.000232428201876
0.000017003609134
0.000126590053539
0.000207617386912
0.000392746801182
0.000561795062918
0.000439835313885
0.000054589901579
-0.000203672934111
-0.000071934414320
0.000317083887641
0.000633438973097
0.000666662328281
0.000517274786818
0.000446565833875
0.000508068978471
0.000490627579016
0.000285640711817
0.000088761697186
0.000111555719479
0.000307360960055
0.000450575456058
0.000377569530516
0.000198034421509
0.000195023940958
0.000415964497869
0.000546317670035
0.000314027300993
-0.000135388812391
-0.000404821260469
-0.000268721321515
0.000154734212242
0.000546004931025
0.000686317486945
0.000622252184295
0.000469851522962
0.000201862321737
-0.000174165241260
-0.000403279407118
-0.000228112532005
0.000279631080860
0.000764536300317
0.000847311927885
0.000420110045537
-0.000220131383055
-0.000657104199774
-0.000753631071869
-0.000636261501926
-0.000407553912901
-0.000059359212352
0.000409874963748
0.000870237524821
0.001066688548124
0.000896294832768
0.000599677918426
0.000457619327788
0.000426876346402
0.000249670367201
-0.000148258238409
-0.000500227669005
-0.000492315831796
-0.000121947805879
0.000302045463591
0.000471698161328
0.000395521756765
0.000342025538156
0.000421124248252
0.000445218351055
0.000300030235790
0.000154383958354
0.000187195348296
0.000322296249481
0.000314020341329
0.000044499912068
-0.000303550926357
-0.000458158802310
-0.000420844124562
-0.000421983114557
-0.000504596308065
-0.000435914177126
-0.000087477725021
0.000335524128899
0.000483737731074
0.000225113008408
-0.000138445290560
-0.000115546871582
0.000390658875139
0.000901670237557
0.000904224345136
0.000409384430668
-0.000131189236905
-0.000325737518572
-0.000168037943599
0.000073663698710
0.000199201245740
0.000213513752304
0.000145299355123
-0.000045932800405
-0.000288920005514
-0.000342546521600
-0.000057040766191
0.000395640778805
0.000612493629697
0.000327217650687
-0.000248349131601
-0.000565007633093
-0.000321684345586
0.000220834883486
0.000556851749464
0.000430305055079
-0.000004109335995
-0.000401462941198
-0.000550752115554
-0.000507974629003
-0.000429525836591
-0.000350050563934
-0.000245649930713
-0.000195153936244
-0.000268242342845
-0.000334521390876
-0.000174983819246
0.000205422288500
0.000494243518480
0.000376593265206
-0.000105513027993
-0.000547804194849
-0.000581511582099
-0.000298237033123
-0.000147283014958
-0.000338223498235
-0.000568547206890
-0.000460462320952
-0.000033095987775
0.000372443003685
0.000474531625754
0.000326731089607
0.000249216583289
0.000427966157836
0.000695597744295
0.000822913135628
0.000800834228508
0.000698090810519
0.000494645063803
0.000166385265919
-0.000188692481676
-0.000328842128054
-0.000047780113214
0.000521225817750
0.000920442278589
0.000838342033802
0.000435171612013
0.000088941127235
-0.000024557065917
-0.000008302097108
-0.000031389140218
-0.000106223532644
-0.000069131471228
0.000150065700872
0.000327095531227
0.000226282221365
-0.000036626730681
-0.000148263959785
-0.000010301498604
0.000143128720297
0.000027247380353
-0.000329339496370
-0.000586468992720
-0.000490687078854
-0.000173621285719
0.000056545183772
0.000123302878184
0.000172220055488
0.000271461134658
0.000318166625684
0.000205281005624
0.000046734983331
0.000125680536627
0.000513522252766
0.000879610281725
0.000833420728599
0.000396873623299
-0.000045121556479
-0.000214375713118
-0.000179605535192
-0.000203834186714
-0.000411069921149
-0.000577582735293
-0.000388200782202
0.000107407587851
0.000529423298544
0.000626057553906
0.000433965412320
0.000084614367775
-0.000284846325018
-0.000521387223545
-0.000505673776202
-0.000200167287737
0.000291606141764
0.000664726531180
0.000600613170728
0.000150200385582
-0.000260508796939
-0.000298342655317
-0.000037299089673
0.000184726167317
0.000115755105140
-0.000157593015576
-0.000312427868162
-0.000188875331242
0.000019865645861
0.000047498186401
-0.000103219911749
-0.000207293287159
-0.000090738302097
0.000226722945299
0.000566739745109
0.000756135501494
0.000778259499906
0.000690420792248
0.000460987499658
0.000090136822075
-0.000209146293253
-0.000225530661727
-0.000043167829680
0.000067911098015
-0.000040931019251
-0.000244639296395
-0.000259116546548
0.000018901353078
0.000313300425575
0.000289768831462
-0.000000863040465
-0.000248030164835
-0.000286657704051
-0.000155907026931
0.000024323638858
0.000153641880893
0.000283354961862
0.000507873182015
0.000662648262174
0.000462010998635
-0.000020878258128
-0.000369530423415
-0.000316220462336
0.000024117254458
0.000322413233696
0.000344104815584
0.000182745068890
0.000106548036870
0.000137628188381
0.000048045388539
-0.000208654946436
-0.000397857840026
-0.000347895778688
-0.000145271955890
-0.000003773639294
-0.000052901776741
-0.000204967081583
-0.000251396296407
-0.000160513456463
-0.000104095688234
-0.000121910835215
-0.000044893857049
0.000202509003814
0.000456677059715
0.000455990396427
0.000083717127430
-0.000434213007438
-0.000689238740355
-0.000540684352748
-0.000234380682543
-0.000041742383395
0.000027865657178
0.000084159114584
0.000073165677833
-0.000187236108920
-0.000687828225606
-0.001091465814883
-0.001039289732304
-0.000565679093055
-0.000079480004014
0.000081900848717
-0.000023819022473
-0.000077940327327
0.000112386747173
0.000395826319781
0.000467386477485
0.000244829090942
-0.000061018608876
-0.000263354055583
-0.000433509863913
-0.000695750867926
-0.000946505214013
-0.000998213864588
-0.000837636853387
-0.000600761868559
-0.000429870088983
-0.000322347318559
-0.000106246592934
0.000292436135090
0.000655188523715
0.000715698096664
0.000506327139612
0.000307470675621
0.000284677259900
0.000297178009208
0.000113206746824
-0.000258627596797
-0.000540161464977
-0.000488583505655
-0.000184382410397
0.000041945262734
-0.000029184749887
-0.000283598749984
-0.000453632399346
-0.000454137290584
-0.000414320117087
-0.000427397702758
-0.000437361262071
-0.000374912293552
-0.000307664586041
-0.000387906239970
-0.000605888189496
-0.000700268723671
-0.000453909654292
-0.000002133066971
0.000278534217151
0.000196246625710
-0.000051625525013
-0.000177855038474
-0.000158043939723
-0.000207972369524
-0.000501140204927
-0.000906960229397
-0.001055863097231
-0.000735326903205
-0.000138294005082
0.000356823110326
0.000564046103316
0.000555268422283
0.000435168878012
0.000185585333077
-0.000197988391182
-0.000511492820035
-0.000484748811095
-0.000100268601453
0.000354898345178
0.000555577232839
0.000439827067805
0.000230868365440
0.000121207251418
0.000026661307649
-0.000205689459522
-0.000488828907482
-0.000608151253534
-0.000532047671416
-0.000445589607606
-0.000528759357508
-0.000737790269751
-0.000806773909852
-0.000579650646345
-0.000262168576893
-0.000120682463493
-0.000077172556563
0.000139076316335
0.000578459889507
0.000977748724722
0.000987628565781
0.000525696020682
-0.000051002555571
-0.000300801133601
-0.000200552163288
-0.000075250897317
-0.000094886974906
-0.000094938098570
0.000107357482655
0.000431905158735
0.000617276197918
0.000485183203853
0.000113614530585
-0.000238600851068
-0.000404138733775
-0.000430562800541
-0.000360869174062
-0.000106648835976
0.000293693423061
0.000555247995401
0.000441120310499
0.000031201142278
-0.000317206195162
-0.000281056022784
0.000092450848570
0.000442694190710
0.000530975670696
0.000475999433118
0.000482538776510
0.000528306084122
0.000461800157740
0.000242246905622
-0.000022486040487
-0.000166418886820
-0.000135871054521
-0.000114644894322
-0.000272589762071
-0.000447147307436
-0.000380226416665
-0.000116005416037
0.000101226766980
0.000158951867010
0.000162776321602
0.000260064295972
0.000415979042678
0.000395940276959
0.000061181106314
-0.000352995827475
-0.000471107105236
-0.000263215320699
-0.000061906851849
-0.000131907250844
-0.000380036955183
-0.000476848241484
-0.000216603409448
0.000223499612102
0.000468496664972
0.000410655979561
0.000242810149408
0.000078303376095
-0.000144151424248
-0.000440711519744
-0.000657530975228
-0.000576276868647
-0.000172697906689
0.000250617613859
0.000358728027159
0.000217481603931
0.000188050816850
0.000412934939867
0.000657275803736
0.000618628514664
0.000278932994741
-0.000044188659920
-0.000063258847794
0.000105286996476
0.000123150842291
-0.000075173122962
-0.000228440605132
-0.000152784852184
0.000032636911414
0.000084828537952
-0.000051511422612
-0.000131778707103
0.000121196775364
0.000638664194577
0.001036749091833
0.001043906030500
0.000774288505115
0.000540828211552
0.000471758893687
0.000415691288746
0.000213499183991
-0.000074867751744
-0.000249270503021
-0.000226142949711
-0.000156089030269
-0.000184699990271
-0.000211053544927
-0.000085591552024
0.000118951162742
0.000208653165870
0.000123730468695
0.000042633983632
0.000199595963693
0.000552254791274
0.000771196360226
0.000642767287937
0.000344526120136
0.000215301895802
0.000344555604701
0.000498476408385
0.000424318396277
0.000193746236387
0.000167313705761
0.000497942013722
0.000818297822625
0.000669203633423
0.000100638439060
-0.000428531837346
-0.000618518227841
-0.000531290594978
-0.000349462427754
-0.000162390817036
0.000055568387971
0.000320682945695
0.000493409637688
0.000398995349210
0.000103216158985
-0.000132728365801
-0.000152574997492
-0.000019409774381
0.000126715679176
0.000236372002087
0.000386101566913
0.000624440431139
0.000781051400626
0.000626212299395
0.000252609711848
0.000033916621339
0.000151080461360
0.000360732379076
0.000302254131016
-0.000095970831412
-0.000561037168457
-0.000732903043977
-0.000514461980691
-0.000173570219438
0.000019670299000
0.000100652341956
0.000180112064637
0.000191084785395
0.000060265715760
-0.000104363394014
-0.000088907867685
0.000210577558592
0.000580406346438
0.000615661855525
0.000187758181512
-0.000345467826714
-0.000502013764881
-0.000192783418365
0.000229114743056
0.000413180858975
0.000334630884298
0.000183205866979
0.000094314726174
0.000043737173922
-0.000011922381717
0.000009006866383
0.000190187923828
0.000401907291215
0.000381848584630
0.000073126591095
-0.000259352158544
-0.000328110799828
-0.000126724465343
0.000111006239947
0.000174497671223
0.000119668333245
0.000202834283577
0.000464357175364
0.000583966400726
0.000312310375221
-0.000181888962211
-0.000508516533637
-0.000444354260593
-0.000120409918481
0.000114678581369
0.000105174567814
0.000048590105043
0.000115121895320
0.000210206912394
0.000231469098054
0.000246847313495
0.000340482838520
0.000452229152228
0.000388942100042
0.000012070127882
-0.000476137509472
-0.000618763779866
-0.000261782175226
0.000236867321556
0.000434385234554
0.000222521769081
-0.000115298989980
-0.000175490517364
0.000135504706912
0.000494010159873
0.000591260275000
0.000495669333328
0.000415130190112
0.000355676390837
0.000222648206360
0.000051227584529
0.000015145932027
0.000241565871034
0.000577087511088
0.000664801976358
0.000397329906552
0.000097105571611
0.000097874313333
0.000332220895970
0.000467484893231
0.000332783743819
0.000081161258968
-0.000036099974277
-0.000003038158914
-0.000103377222687
-0.000517121089924
-0.000965469316920
-0.001021729632249
-0.000640169968810
-0.000150139205271
0.000154873681544
0.000251639869887
0.000290823439804
0.000376651349557
0.000406675185151
0.000219008933403
-0.000066497454323
-0.000152531906610
-0.000019679901370
0.000073156034547
-0.000023098569652
-0.000207813795283
-0.000273429926730
-0.000132668345018
0.000032328980194
-0.000002005752661
-0.000142616711594
-0.000123251217841
0.000089967866760
0.000279052286842
0.000242043713524
-0.000022179634833
-0.000307191907770
-0.000408984887544
-0.000384962957400
-0.000429423317749
-0.000484222764580
-0.000286744477158
0.000207137605392
0.000747185340439
0.001061447517307
0.001045312686323
0.000813368144517
0.000566464296935
0.000314428563015
-0.000053253369141
-0.000396780103178
-0.000408929135842
-0.000066816482533
0.000318955308639
0.000451648917861
0.000291668305636
0.000058673389085
0.000006796493745
0.000118070827536
0.000138698360827
-0.000024094149252
-0.000140243876409
0.000029502012925
0.000415180471291
0.000700425186464
0.000648809834984
0.000354529103528
0.000118875996693
0.000069608113863
0.000070638429695
0.000022289634691
0.000016650223081
0.000150638561701
0.000334416405617
0.000360732020163
0.000165729021903
-0.000067906445798
-0.000122787021247
-0.000008997979159
0.000020805752464
-0.000194480968255
-0.000437491170259
-0.000394839730653
-0.000107191736077
0.000091132933176
-0.000022657329551
-0.000318533893169
-0.000450241315686
-0.000232080814273
0.000136481303528
0.000289177005384
0.000132850491060
-0.000085526957172
-0.000162350532387
-0.000144981443305
-0.000131889928465
-0.000091597147816
0.000070978838583
0.000313534257745
0.000362754744135
0.000002322410705
-0.000552563102338
-0.000823626130093
-0.000605097001694
-0.000156440478411
0.000128193225006
0.000134500261633
0.000065187779229
0.000134559722534
0.000297375453980
0.000312244189188
0.000101783573311
-0.000105253111532
-0.000106329271247
0.000012813041365
0.000044969767923
-0.000089660226319
-0.000304142987264
-0.000473219628051
-0.000603620228438
-0.000809172585909
-0.001019070605431
-0.000920769043362
-0.000415527631882
0.000103392118205
0.000175249419234
-0.000181120528433
-0.000513561643296
-0.000444689508478
-0.000062475003882
0.000179062964429
-0.000058408339601
-0.000720980151105
-0.001615888934729
-0.002786551734181
-0.004528786030779
-0.007071870078865
-0.010307792970801
-0.013838964005179
-0.017260087232855
-0.020383005229807
-0.023192192188653
-0.025737972825089
-0.028360337929879
-0.032033281194307
-0.038170349800123
-0.047837476778274
-0.061061221595439
-0.076718146332109
-0.092883626043230
-0.107328973051353
-0.117976578531218
-0.123361701976251
-0.123138186971980
-0.118204784291043
-0.110002574120123
-0.099276977382872
-0.085174825912025
-0.065332311704349
-0.036884250887297
0.002306283014165
0.053002020424930
0.114632609896352
0.185456700669591
0.262697525296594
0.342815552312451
0.421523621992960
0.493061718322983
0.549005134166531
0.577634526334730
0.565221628428648
0.500145663690740
0.378749355515666
0.209478432555731
0.012119758791071
-0.188136184019639
-0.368843218863294
-0.516167222037947
-0.625498208292569
-0.697171833974660
-0.730619483622565
-0.721417882041523
-0.663628067723769
-0.555323877271755
-0.402500848623126
-0.218426009342355
-0.019336885988581
0.180243526744249
0.369045919250790
0.536360436851558
0.667592342482683
0.741721549227090
0.733225720198031
0.619169223974123
0.390082850537598
0.061506338393448
-0.318748591762855
-0.673625644121580
-0.913627022419339
-0.964133318835989
-0.793017322787676
-0.426199240050690
0.057197099877878
0.549425110538422
0.947449369054216
1.180399403075751
1.222044955176242
1.087036347322782
0.815726213414224
0.456274102998780
0.052631356366573
-0.356296029218497
-0.727840694301110
-1.008524612268300
-1.142148606184243
-1.093771020824381
-0.875091892848530
-0.553599161765592
-0.235374059379752
-0.022824912929818
0.035150484207535
-0.029716282598301
-0.121956429095519
-0.135985586038925
-0.015062897844073
0.218762446121921
0.480409369129103
0.670920115266272
0.727278925603870
0.645236659765649
0.468467162688770
0.256123890305315
0.051190603962108
-0.131488243006087
-0.296152754706316
-0.449334225569317
-0.588159878679346
-0.698186988604457
-0.757606451490966
-0.742610611399525
-0.634335680019544
-0.430782938102911
-0.157754673319911
0.135204721839595
0.398667062101714
0.614129532452277
0.808215713657241
1.031710566183901
1.309985425678903
1.599131451079121
1.783240323207822
1.720931662734217
1.316327460170623
0.574787825446671
-0.384634314533441
-1.363713398620505
-2.149139377693301
-2.578651223781097
-2.585359261305173
-2.207234531243168
-1.562144225833836
-0.802797809348149
-0.071791408878122
0.528070326727836
0.942707343167624
1.159675770336370
1.195669935811539
1.086593487815291
0.880937495293720
0.632672482212335
0.391254881787313
0.190861580370497
0.044162960367820
-0.054118245003531
-0.115464421473245
-0.148394498608511
-0.159129040598553
-0.156727249795242
-0.154203823475599
-0.163603761545089
-0.188414035154745
-0.218207725620956
-0.228513733355859
-0.186462401891304
-0.062559131288744
0.151898813257378
0.427929086754858
0.696177892254445
0.869058100142678
0.880045634396154
0.716677449670859
0.427144382784702
0.096365827997009
-0.195816162061473
-0.410822782660945
-0.561420250826592
-0.692313834837120
-0.845913950138647
-1.033396086473039
-1.223985771300229
-1.355115236580332
-1.358199996185322
-1.189276966872498
-0.850385772106357
-0.389807940428631
0.118852170825535
0.603820445577794
1.010680153740111
1.302034932519954
1.451376005871362
1.441290557599707
1.269094555217295
0.957816236594390
0.564135316053776
0.171926370052663
-0.130860581659357
-0.281075926104087
-0.260899341311601
-0.102427486533568
0.123992945168336
0.332913422647716
0.450331424687829
0.435425059944395
0.291564920020301
0.063334579716146
-0.180045619036221
-0.369471906609531
-0.460594661168773
-0.450222715444640
-0.377209173968712
-0.304766658589843
-0.291075624233122
-0.363474142414645
-0.509086457303386
-0.683366234449896
-0.828856776375675
-0.894731235950682
-0.850290664738016
-0.689526738853382
-0.428482109519015
-0.100073157765446
0.250534987242865
0.570390084204999
0.806155457821296
0.917873127940217
0.896135712967777
0.770779158393312
0.600645297807228
0.447730765229043
0.351185844852098
0.315965005014035
0.319556366250649
0.327220737563505
0.303176444466309
0.215446382172214
0.042157519285573
-0.215963535597338
-0.523402146248417
-0.809689934576696
-0.987547940955109
-0.985031110494688
-0.777192525882873
-0.400296861574691
0.059215284987553
0.495344885444790
0.818411688647199
0.980311800445049
0.978973248621478
0.844320477765320
0.618687500946416
0.343043333270383
0.051254626956374
-0.230554034068593
-0.482129960752309
-0.686432947766856
-0.828562154713926
-0.898250382670780
-0.894499312692993
-0.828209184253135
-0.719810628949001
-0.591700503484226
-0.458426888244322
-0.319916909314826
-0.162183197630399
0.033122255115020
0.273671516262899
0.544544436797038
0.807582250987221
1.012572989804479
1.113439894636637
1.081473180079600
0.911717266489792
0.623080801345249
0.255364524825202
-0.134701100446540
-0.480497630261805
-0.716751560967791
-0.793067672389445
-0.689640171989189
-0.431358842629793
-0.089916095260761
0.232791706823077
0.437638300702851
0.466488293413529
0.328108454809195
0.097336815485631
-0.115562459335530
-0.214290617690068
-0.161002869963714
0.007374511464168
0.198038925249561
0.305514114283803
0.258608501730551
0.050967831731071
-0.255536646426393
-0.554874485511143
-0.740500693859373
-0.750436577627013
-0.590736176631208
-0.325762481806240
-0.043780073361940
0.181249008134959
0.313407726118788
0.358064798996046
0.349012893010328
0.328478454769766
0.328643429306779
0.359232216408469
0.403798647631172
0.427472840718137
0.393881971970039
0.282709435547289
0.100045572607971
-0.121201967817223
-0.329928107743165
-0.471958178916377
-0.507558706661649
-0.426231054452168
-0.253505149895880
-0.044694514578829
0.134641069102606
0.232727013137998
0.227660495782962
0.129534836004231
-0.028212660990753
-0.201020807529397
-0.343372080339234
-0.415391557433012
-0.388168567756363
-0.250856905572703
-0.018963290039779
0.262065243971025
0.524599340169428
0.698631585734775
0.736406448798556
0.630357457525839
0.415318035913925
0.154125871011284
-0.086235564497711
-0.257458673259512
-0.342570625130540
-0.354756628760754
-0.325867406103839
-0.291357904597381
-0.276889951982639
-0.289896727015472
-0.317688362188474
-0.332231684557679
-0.301522540193970
-0.205459327389980
-0.049263622649656
0.134523186104753
0.298287096606568
0.398195880594730
0.408819111868944
0.329238041464296
0.181876804890534
0.005677421694242
-0.154347644773083
-0.259055443878054
-0.286983447243021
-0.242379532450050
-0.154752648771355
-0.068835114351971
-0.028137725473687
-0.057418018093109
-0.150820417095049
-0.272019983897465
-0.366917723576018
-0.382605086548685
-0.286178082380137
-0.079308187152397
0.196919508448829
0.472156054449999
0.671285497470982
0.744767188106383
0.690486956545070
0.553322812611571
0.400009720157375
0.284415831925695
0.225699404740736
0.210459227258530
0.211740032303607
0.207946161439227
0.188810970968859
0.149225732300129
0.082177819618448
-0.019896723975334
-0.155946236521115
-0.308201400607477
-0.444052975281586
-0.528464487349850
-0.540613519089521
-0.486204209893436
-0.395907457376147
-0.308926790195961
-0.253367319151871
-0.235775976533355
-0.243946015730426
-0.257318931608298
-0.255735712515712
-0.223101326280450
-0.148313910277864
-0.027102177322020
0.133648448916754
0.311722787413609
0.471063126207181
0.571848136463448
0.584529130999259
0.499935646508342
0.332101388190121
0.114225521309927
-0.110946687346467
-0.302671119117678
-0.430644264745961
-0.478815612218024
-0.446936347218544
-0.350844979905101
-0.219817618320393
-0.090381582847508
0.001926672652398
0.031279641643769
-0.010456299416572
-0.108714992624487
-0.227480677832283
-0.318520041655045
-0.336674375980456
-0.255585253923135
-0.076829397500933
0.171345637930425
0.443964102379992
0.692761905015338
0.877482689547980
0.971626417875430
0.962728494469314
0.849581540888801
0.640085039674070
0.353298500379025
0.024651977496604
-0.293904465214863
-0.545998698216167
-0.690662897503605
-0.717460317414828
-0.648667478684415
-0.528565999472697
-0.405220106937052
-0.311984329811940
-0.256219305849527
-0.221273516535357
-0.180746720552718
-0.114787437726356
-0.018115105983519
0.101693785170120
0.230487202537085
0.352381871068865
0.449804054566529
0.501040426553984
0.482416782837565
0.379379133016864
0.201430895569501
-0.010606832095343
-0.194347919360650
-0.291527272326904
-0.275189191650016
-0.160278884479175
0.008244567814890
0.179995083791698
0.320747147634399
0.419685578645081
0.481515163711212
0.513034017971399
0.515576950213521
0.486707588473132
0.425776296485838
0.336649623839084
0.226176226201309
0.101725905111425
-0.029888322127832
-0.163131628393298
-0.294877537886714
-0.424093420112652
-0.548040293930575
-0.656872147536567
-0.731941125349791
-0.751145452538128
-0.699835523022695
-0.581972718917807
-0.424238971344897
-0.268059165800154
-0.152233303700167
-0.095838945805709
-0.090823708348216
-0.107582249891077
-0.109471309304308
-0.068274102643282
0.026026240631599
0.163563727225919
0.318788073065807
0.456246756622105
0.536164288245077
0.521731542711163
0.390081869869535
0.144472206849858
-0.179886204037125
-0.522662865679787
-0.815862532587496
-1.003028273592301
-1.052118427100922
-0.959117851207407
-0.743984819314826
-0.442656666079810
-0.097834381969737
0.250530848804098
0.573426504442526
0.856357082602405
1.095636170146275
1.288681442775214
1.424644599249992
1.482376199710918
1.437195334338745
1.271685673422509
0.984239480353064
0.591936242821035
0.128721613165678
-0.357771197688138
-0.809878518422226
-1.166691900266098
-1.375674403877881
-1.407068747583709
-1.265880702079460
-0.994978512071190
-0.665632715381139
-0.357408736809169
-0.134190969312983
-0.025197317067021
-0.017730486951353
-0.063946556416932
-0.099544287236612
-0.067757067629668
0.060444981575242
0.276816821670826
0.539401754498028
0.787678631101522
0.963869372263964
1.031813857984129
0.985197069334788
0.842602715323864
0.634890434185893
0.394049828086100
0.148004992102329
-0.081819874207420
-0.283632193563389
-0.456746782378173
-0.607463010792737
-0.739871671616929
-0.847415957070271
-0.911810193966468
-0.910537907714967
-0.828098903731215
-0.664400556377245
-0.435681501432277
-0.168345623225797
0.108858843464396
0.369172904685377
0.588203563850313
0.743101764462781
0.813648295087744
0.786798440420114
0.662616548760902
0.457127774273882
0.199687914320273
-0.073872144780931
-0.328949809808929
-0.537458399255091
-0.680199320257520
-0.748290514972606
-0.744319795817624
-0.680864745489254
-0.574169749400143
-0.435406773113508
-0.266181656379523
-0.063209568562501
0.170107153988570
0.414242622835246
0.635021191604465
0.796687888626258
0.878376254507169
0.882800634701802
0.830829139397605
0.745812042448769
0.639229620711379
0.507165234487140
0.337816471893789
0.122920609299120
-0.133858099719517
-0.414253215886841
-0.688201285369641
-0.920399364451832
-1.078361634421830
-1.140477850818409
-1.102298359305834
-0.978058112614574
-0.794865693456076
-0.580392671348835
-0.350691783224834
-0.107074846877150
0.155068464335869
0.432094987458059
0.703231339375236
0.933388420301989
1.085960974005965
1.137492456798630
1.084810580963965
0.941094059142052
0.726131090973118
0.459605326402579
0.161956080557384
-0.140032666989456
-0.409915576542086
-0.606635264755005
-0.698849816923387
-0.680910403265001
-0.577549730424119
-0.431151987312073
-0.279986281408140
-0.142292233203705
-0.014620389200514
0.117388850445647
0.264109182290791
0.422239895852448
0.574666439480933
0.696975458862749
0.764804053985527
0.758370249310847
0.664144814665923
0.476617201595400
0.203139007898382
-0.129634315506225
-0.473972461051791
-0.769849312981009
-0.964245387104293
-1.032507779243449
-0.988324225784434
-0.874576285670454
-0.740496048429440
-0.618754193411300
-0.514302560980150
-0.409192863259137
-0.279098808581524
-0.111607734622959
0.084170169523119
0.281663331836280
0.450150163906677
0.567307987119830
0.624412408541944
0.624498571012027
0.577554770809191
0.496780015804083
0.396963911937631
0.293278366141959
0.199968986455767
0.130217702809056
0.096385706555919
0.108112645301934
0.167821443550437
0.265680656708672
0.377504066071744
0.469028463880587
0.506313738015355
0.467570786222873
0.351480034850530
0.179143484937863
-0.012721611214450
-0.187967719340321
-0.329739010753068
-0.448466107602070
-0.570964724006546
-0.716247536118951
-0.873993818230121
-1.000916437290098
-1.039536733885694
-0.949235273026819
-0.730107040665836
-0.424752405295998
-0.098421441566030
0.189261610297046
0.404914781182918
0.544899639548742
0.624035258869052
0.659967356372018
0.662569658253379
0.632368224644086
0.566507074678901
0.465394413467768
0.333596744355468
0.176535864377409
-0.000424970723934
-0.187788409531381
-0.366292920465710
-0.505925511740055
-0.573262604772159
-0.544872295291632
-0.419123252667909
-0.219481416313040
0.012226277676165
0.229322021041324
0.394414795174377
0.488060458036151
0.509352060611131
0.469952539093065
0.386187977902292
0.275066601442354
0.156138034240229
0.053839871499929
-0.006692802836000
-0.011147247871627
0.031699447703137
0.086152345870636
0.099280770796310
0.021333215967406
-0.171690447664699
-0.463278323264413
-0.796463852667498
-1.089240833143679
-1.259486287546223
-1.250334286177885
-1.047140264420408
-0.680650144418204
-0.216976266035749
0.260264275361358
0.669807867762555
0.950359646863761
1.072605620495900
1.042971252984046
0.898106577908152
0.691783699454551
0.478709250465562
0.300508965757842
0.177319000000402
0.106251304501461
0.066688749958131
0.030894557237002
-0.023545298155058
-0.104241414949549
-0.201538395637984
-0.293883556375954
-0.357774079555171
-0.377225960283893
-0.349335469098385
-0.284907315002872
-0.204148063684416
-0.128851397505934
-0.074317863886136
-0.044144020518339
-0.029843944871986
-0.015699012238621
0.013360070943485
0.064724999616861
0.134621010670540
0.208160003802217
0.261878283202147
0.268582395903269
0.204428191309979
0.057140018010069
-0.166328670400184
-0.435429409171814
-0.698430705279887
-0.893025063532646
-0.962801679195409
-0.873862297780248
-0.624654004578960
-0.245553566447583
0.209374033883627
0.673145138105851
1.075830049908864
1.354288193519117
1.463028663055056
1.384462271704612
1.134404433061348
0.759381524035261
0.325237216840441
-0.099142031074830
-0.456322314510790
-0.708205176756850
-0.837214901328247
-0.843192114935272
-0.738104538618132
-0.541458406441161
-0.279534108018081
0.011885339424882
0.285705590973159
0.488060771491532
0.570882463690619
0.507503676936351
0.303411137578237
-0.002660059293441
-0.347512617564223
-0.659167195168685
-0.874497619793215
-0.953302877183399
-0.884999428594937
-0.687431531816225
-0.399578210744856
-0.070848156360674
0.249335955580525
0.518208213395223
0.701982279737261
0.777024617987105
0.734342063289507
0.587124197731398
0.373957511696064
0.150059493793419
-0.032203151469563
-0.142058777211845
-0.176160739478191
-0.149685937248001
-0.081754308695662
0.013732798510571
0.127086162355665
0.245621616793679
0.348808554802346
0.411287723264937
0.411985162553625
0.343927424724104
0.220148355492584
0.071673189040137
-0.063593813293381
-0.155938051599180
-0.194675129684225
-0.189742409792461
-0.164994446185344
-0.148233957569142
-0.162540620800290
-0.220455133865423
-0.320724916109049
-0.448029311815018
-0.576883638300143
-0.679061736136816
-0.731029667247239
-0.717540125662722
-0.631275721751054
-0.473308377344480
-0.258147461967384
-0.018455667508970
0.200757091215978
0.360387219617410
0.447134469646950
0.481429925513220
0.506936254927562
0.565837104427027
0.673293907915392
0.805592978626746
0.908138728893917
0.919010522661877
0.797412563927965
0.544364984795849
0.205549770827417
-0.145611859178125
-0.436003177245141
-0.618353449693324
-0.684116380694090
-0.660047583789171
-0.591356378244220
-0.520548623176410
-0.472498221248579
-0.450890294656589
-0.444035709369048
-0.433756734808964
-0.402170785373307
-0.336104657207186
-0.230688205471381
-0.091333221199604
0.067464884890876
0.226025221400650
0.364526542048467
0.467675411463492
0.526802301050774
0.538748160780027
0.504359600394979
0.429044278409062
0.325214567373090
0.215253396986833
0.131183208021938
0.105873584440013
0.156716647039267
0.271118858932069
0.404057642914746
0.491575619063711
0.475397254952011
0.326870176095154
0.058266526671390
-0.283128601453638
-0.633419581834713
-0.932519465534305
-1.136589477236974
-1.219441083382657
-1.168230939481989
-0.981109661758502
-0.670008083839289
-0.266028752664364
0.178230738144286
0.594996659480423
0.917304926905774
1.098239443507139
1.124015829972920
1.015526539002329
0.818763413187252
0.588283161664536
0.369217698775766
0.183716234346487
0.027105183577035
-0.124469051208419
-0.298045044910511
-0.506127375503749
-0.734991904613245
-0.944415040488312
-1.079874003947549
-1.094088174131131
-0.969297089159011
-0.727835358604307
-0.424214581442948
-0.123593231423950
0.122510416755827
0.293177276847592
0.400648498716084
0.477949327545492
0.559022657942961
0.661331790028401
0.777945718447977
0.881887351102621
0.940117595754371
0.928898412543196
0.841687436215852
0.687084551675352
0.481384399982645
0.241911800582512
-0.015009110860605
-0.271448551347367
-0.504943147142436
-0.690148338273830
-0.805675377081879
-0.842655112255579
-0.810278823735377
-0.734085046543493
-0.645808225547010
-0.568974845223403
-0.508483729914944
-0.450846108368053
-0.374466543034391
-0.262961424439387
-0.114225314043201
0.058592890268503
0.233535395105213
0.388915759786524
0.509598394057741
0.588000536791519
0.620959214643050
0.606358055133608
0.543654468894442
0.438348139094613
0.305350974861712
0.166263711107489
0.041140252698921
-0.059155741752602
-0.134233021793863
-0.189253289112305
-0.228803923072150
-0.254284867219791
-0.265674721324448
-0.263934909556523
-0.249728063115799
-0.219815148321666
-0.167465195442110
-0.089749512030958
0.003464457605222
0.087293614836669
0.131185739207743
0.116356563987228
0.049198760756910
-0.041291410348333
-0.121707371216691
-0.174486575667674
-0.205287399452507
-0.232824300252899
-0.269194320499698
-0.305315866558082
-0.311994682148870
-0.255516075280919
-0.117024472549957
0.096593114638384
0.355959072397457
0.622324780270389
0.860983889413915
1.048024821314950
1.169545384651017
1.216098243994983
1.176527977071244
1.036819413476353
0.787863222040832
0.438749106275240
0.025865059788937
-0.390395782129298
-0.741908262694822
-0.974478829812757
-1.063695598147516
-1.017991998270389
-0.870334208894135
-0.664941559450075
-0.445054810371228
-0.244838550345696
-0.085427575639640
0.026048954685538
0.094308063223092
0.129973978807631
0.142096681724019
0.133907806687647
0.104219571171539
0.052098251104296
-0.019248786156548
-0.101845245743092
-0.185996700938292
-0.265116781316174
-0.338344995654697
-0.408301066462515
-0.475497505518706
-0.533522937080259
-0.568869449717575
-0.566699003982147
-0.518637812355974
-0.425463320457784
-0.292266031594906
-0.121135592177083
0.091954872016995
0.352112901580422
0.653020796182595
0.964964923394380
1.235158695073260
1.404766147276236
1.433926866913336
1.319612895676860
1.095357120879553
0.812725493297140
0.515803256674839
0.223978948737997
-0.067836222891574
-0.372468992140439
-0.687396104446795
-0.981153961501317
-1.200621366294817
-1.296045476306207
-1.247751192460363
-1.077094772872502
-0.834728779426806
-0.574650869117731
-0.331554696201674
-0.114477793629515
0.083259787014579
0.268402801339075
0.438307213358278
0.581954847029981
0.686783355446122
0.744324610814816
0.751154145753087
0.706174458739183
0.608204593289252
0.457088123387418
0.257323118544852
0.021151014905337
-0.229919580833622
-0.465671277931415
-0.652140841491149
-0.761542088192351
-0.782870784229968
-0.726744464376452
-0.620191990593449
-0.492700568088173
-0.361098281337735
-0.222333033471869
-0.058591727805936
0.147705807621242
0.397528092812269
0.667624404306107
0.916590743729898
1.100887724410750
1.191453700138094
1.181902451799557
1.084976166344539
0.921076143973673
0.705864636016238
0.442900407606176
0.125843518815512
-0.248472786718733
-0.662302429305956
-1.067252588964287
-1.393126324473350
-1.573961046882758
-1.576052943408760
-1.410329963345658
-1.124004170194150
-0.780691406804097
-0.441234923439895
-0.151312496133337
0.064681476873099
0.205458545093528
0.289537389426067
0.345554008376126
0.399445757597399
0.465265322394493
0.544061057213366
0.628746075504714
0.708069224480751
0.765750603703178
0.778713967086533
0.721302587658529
0.577014469635739
0.351546998222389
0.078165181143442
-0.189558028724592
-0.395188369226969
-0.498600665227954
-0.488310862442862
-0.383760587309259
-0.228584064235519
-0.077026856803790
0.022405793332116
0.040319097039165
-0.026872555633765
-0.157704639381066
-0.313753632466021
-0.452696814030265
-0.540198638399811
-0.555114334927032
-0.488614669146845
-0.342398290784381
-0.129633972621653
0.122241246088410
0.371191562079127
0.567385249030606
0.667767464383258
0.652811393581649
0.536293945262298
0.361494524026363
0.184779472998083
0.054197782752885
-0.007630965362657
-0.009802670523076
0.012995506113099
0.016212152702303
-0.034919717684994
-0.149536057872701
-0.306717296969941
-0.465199333797601
-0.581148307832768
-0.622886034734259
-0.576154027508098
-0.442157397870035
-0.233799089750128
0.026679096721227
0.308128465072814
0.571238562742015
0.773543797710762
0.879736252037124
0.873072320693165
0.761752421077406
0.576655521581265
0.360966806461426
0.155623639294063
-0.013641934860785
-0.141882820087157
-0.240128352442689
-0.322739583822699
-0.394639018845363
-0.446496939737944
-0.460881119112614
-0.425131414340073
-0.341953051585814
-0.230393000598005
-0.116889674130796
-0.022534655477694
0.045273718143990
0.091559677938943
0.124338671845414
0.143973850165661
0.138615411686254
0.089194140704803
-0.018029167947307
-0.177849470524198
-0.359580784152352
-0.513674639471811
-0.590780014347392
-0.563725222156382
-0.439342915296416
-0.252507329334421
-0.045591243441827
0.153769801883598
0.341820488783475
0.529233301314826
0.721316188028752
0.902448579328632
1.035198831266340
1.075292370470094
0.993902389808225
0.793517481057986
0.507655345035631
0.185915522607703
-0.125001645038404
-0.393599737131987
-0.605418086482184
-0.757906158210642
-0.854546283696049
-0.901509404505125
-0.905710457384880
-0.872382078453450
-0.802912532388546
-0.695552694568909
-0.550289419841960
-0.375023910328475
-0.187331105908881
-0.009250766479824
0.141392139561613
0.257055951876161
0.339517725096348
0.392229654159194
0.412053318869253
0.387846874105156
0.308469870321097
0.175740500418020
0.013847846692966
-0.132369260403077
-0.212454851359717
-0.192583044885671
-0.072514176978583
0.113208204384022
0.310204575626652
0.466639153828277
0.552289767216253
0.566654272932004
0.534015193562284
0.489815777968139
0.465569872025936
0.477455940670863
0.521279696667842
0.575101203060561
0.608389594034168
0.593973522617174
0.518161746521745
0.385141927413389
0.214273314594382
0.032628070427357
-0.132897074555963
-0.260685497462743
-0.335993601055343
-0.350757383792070
-0.304376349366135
-0.206910331392941
-0.083224507935572
0.026081803805100
0.071724890609697
0.012361023867892
-0.165319422306143
-0.435738243336353
-0.741540015245823
-1.015340930174820
-1.204691284422652
-1.289067629092095
-1.282927891126903
-1.225000396232985
-1.158493051291502
-1.109208496604478
-1.068996443976944
-0.991892440246812
-0.808679308392290
-0.457951674534707
0.079693255185628
0.761627709598047
1.487040468723127
2.123132549125519
2.543115225015740
2.661398427545703
2.454683460548706
1.964703532699847
1.283527203713397
0.526558316764223
-0.197021344991129
-0.805827988153947
-1.254128399812133
-1.526862248945384
-1.628404534599012
-1.573602558570675
-1.385324923764712
-1.095698373720576
-0.745000017737139
-0.375231319643068
-0.020953739031695
0.297421851178647
0.574316650079435
0.813836517958713
1.022252645883889
1.202275252380132
1.350853898303118
1.458434035960797
1.506989406180174
1.468312802544632
1.307547299370402
0.994599225845168
0.520140060085056
-0.091265459963072
-0.778611959388146
-1.456443116153624
-2.038039432075675
-2.458865027039160
-2.688525692801614
-2.727847262123181
-2.596555578359320
-2.319573625271379
-1.918849408741992
-1.414104727363145
-0.828977974832110
-0.195186323713680
0.448493066672780
1.060422727460647
1.601054154756360
2.037344888617509
2.345368413622566
2.510214187840486
2.525512927846399
2.397170667852604
2.149623250710637
1.825283318843355
1.472542912893831
1.129073120045084
0.811176169741785
0.515038384631762
0.228016403684116
-0.056922755447497
-0.331858952954543
-0.576439100007510
-0.772119011744247
-0.917844554307477
-1.034499800557169
-1.155414944090834
-1.310600379791356
-1.513755891385388
-1.757297244505587
-2.014602216398028
-2.244397016239008
-2.394668335696999
-2.408848852668191
-2.237936663519952
-1.856213577905878
-1.272646985590398
-0.532070014153974
0.294466942122620
1.126149467049562
1.887989846975662
2.519259669644764
2.975496931975463
3.229823784569680
3.276309929947438
3.132368518160630
2.836183050823213
2.438155017595685
1.988960386880640
1.528418600293004
1.079351859787584
0.650269131346087
0.245502111772806
-0.126146402758887
-0.452596146652534
-0.729071164242460
-0.968494438873048
-1.201151918047682
-1.461044791985683
-1.764788714995887
-2.094221034295063
-2.392958460444862
-2.579301125677467
-2.571868731343066
-2.320361836618157
-1.828011132256443
-1.153176090892569
-0.390214514433747
0.358214486775912
1.005375046125110
1.494793315957351
1.802047874815102
1.926297630017475
1.878960465902755
1.677598576603408
1.347317225499466
0.922937210879969
0.443603012674720
-0.058846653048300
-0.567901757100926
-1.080304345360435
-1.596426218354791
-2.109389222053434
-2.597852289705590
-3.026553024324660
-3.357853154937557
-3.570657800283353
-3.673727973595231
-3.703035336721637
-3.706239377940484
-3.725098734465752
-3.783817528911110
-3.884920649489068
-4.009795129442349
-4.122077587212713
-4.177238860860964
-4.139539310802325
-3.996026749193662
-3.755862509855156
-3.436461573166396
-3.046723756151834
-2.577384038631734
-2.004803004645283
-1.306370008469805
-0.478228427337338
0.454217086993194
1.438036199573744
2.405869955221673
3.293520610524725
4.053930688014503
4.665510076609587
5.137055238055281
5.507303287566431
5.834732055664520
6.180955985890345
6.596847337597094
7.116014634761954
7.754258318519741
8.508794693393785
9.351783819522709
10.223607765570137
11.035381478264286
11.679411163467945
12.039296923261450
11.997299044828218
11.442085442770145
10.279285350283281
8.446464974471795
5.929496961510231
2.774285822176733
-0.904318245332147
-4.914503170142486
-8.992983560184001
-12.834350664094138
-16.132342466242719
-18.616802016079177
-20.081678163861127
-20.399863752867340
-19.523375961129954
-17.478418500516408
-14.364151593551913
-10.356466548977572
-5.713632518286761
-0.772786755453916
4.077570193212145
8.452063802030548
12.032379229708367
14.612246936688091
16.110025114172934
16.557162884571348
16.070318306165166
14.812297876525184
12.956123982516575
10.665572436043092
8.094895086451290
5.398260752242640
2.732916160550399
0.249696320696989
-1.926647853143246
-3.722864583821312
-5.134103904429466
-6.213458541876727
-7.033627737642081
-7.647167345859234
-8.075696571299243
-8.326260683196448
-8.406380144720847
-8.331540002986257
-8.137465224380071
-7.878634279068914
-7.590665007533564
-7.247563612751586
-6.756845117131350
-5.988913914219107
-4.819123046844204
-3.169619542888232
-1.037879687982098
1.492065089441854
4.254253698601690
7.025019447144443
9.562359236607161
11.645041727630513
13.097680728582230
13.794827960755084
13.653065913426236
12.629414908035915
10.725955667495397
7.995716401975494
4.556266495880013
0.606300883338559
-3.570636522065315
-7.630483894486408
-11.223677345919230
-14.055358324840208
-15.922073121593058
-16.722526041974259
-16.451607354368015
-15.185418684816300
-13.067099165584873
-10.294159918727162
-7.099171201477460
-3.724948186104641
-0.399181241428577
2.692207481326585
5.424375828135816
7.727436951395306
9.556633321505487
10.865141037446438
11.600569728024380
11.723207478486252
11.229665180178721
10.166662940412275
8.628059483946345
6.742772164177866
4.667112070470099
2.576211699625973
0.643421622159001
-0.984083865419703
-2.204226793369362
-2.973274936089610
-3.309057820229848
-3.284111160043969
-3.012427429017079
-2.625906238552458
-2.244826631518305
-1.954463100524271
-1.794677772169645
-1.768193942413654
-1.860028890475264
-2.047633363327640
-2.296836267611057
-2.556302254573019
-2.761882165208988
-2.852058913367185
-2.784602903478638
-2.543921664857805
-2.140401105160498
-1.607754256814681
-0.996889814557343
-0.360486505031746
0.268306159284573
0.884285181996887
1.491976386544018
2.078161406094669
2.603538830375820
3.013405763340909
3.252108202637585
3.278999130360531
3.083861270953726
2.688662077431004
2.129836646412691
1.434583183591707
0.609056728722312
-0.351162819917643
-1.430226759165263
-2.564119911951726
-3.641543184628759
-4.533792386997559
-5.134793653906973
-5.390762387374640
-5.306965967819755
-4.932079081521401
-4.332877277858218
-3.575584177371147
-2.719410198433617
-1.817622210025051
-0.920566845077657
-0.074822496734627
0.682850852358590
1.330322112128513
1.858524348071202
2.265349314630127
2.549908638537536
2.709086376631171
2.736490650977792
2.626925380788135
2.388280816769548
2.057084182945981
1.706332514174999
1.430576613040069
1.309523742953503
1.373211556334212
1.588740880274605
1.871994304472391
2.121180702124730
2.258780868607574
2.255935922149672
2.127706149006197
1.911848935746404
1.646506893711412
1.355794024922147
1.048978011629499
0.729701056733934
0.402286900892335
0.070694238945034
-0.258995533280643
-0.567737033555177
-0.816175562234046
-0.949702041333751
-0.914168326763917
-0.678271966461198
-0.251537187948276
0.315698470655028
0.949671262226563
1.577249449476612
2.145615692234224
2.626877605981038
3.006196516042961
3.266385049165202
3.382215258451039
3.326676672392223
3.083533342864540
2.658133476629038
2.079719825646997
1.392445906120293
0.637956223263393
-0.161118461237775
-1.004461724125899
-1.898873002523913
-2.833967683368182
-3.766620101053365
-4.624800466836318
-5.326317652618449
-5.800266741407336
-6.001754993641706
-5.915833621144624
-5.551919232001707
-4.934614579331932
-4.096834450210475
-3.077963363499027
-1.927223990600789
-0.708615195362329
0.499227495716944
1.611145168414255
2.548253702221760
3.250870039479752
3.687718970240907
3.857694955361768
3.785175685868318
3.514012109053354
3.101059819804212
2.606965104042586
2.085748776345048
1.576166137559693
1.095959804242761
0.642858837708523
0.205558390932020
-0.221080703524017
-0.627001369523202
-0.990548001331297
-1.292169609776082
-1.528891517512921
-1.721312352894884
-1.908800826988779
-2.134787074196472
-2.429994115353130
-2.801357808889284
-3.230345592642105
-3.677224064980025
-4.086084255825654
-4.393142733907066
-4.541016922381599
-4.493266645635697
-4.242187052255154
-3.808101371358921
-3.230959361601601
-2.555829133944814
-1.818136570068244
-1.036073207743102
-0.214160076720112
0.642368742777417
1.510313414388107
2.339596944564908
3.059150799306124
3.597671842044678
3.909389884502466
3.989277648253173
3.870025282561527
3.604193121732005
3.241461895423936
2.815404179810382
2.349424663097313
1.873986389332470
1.436680042427705
1.095342741296164
0.899122278699297
0.869491464739747
0.991722908542475
1.221195866080063
1.501088775091412
1.782753999451505
2.039225374396609
2.264069772711526
2.456662222579063
2.606698989881464
2.688551121043393
2.663998479027200
2.487818043303244
2.115417826043216
1.514462391591753
0.679234075391474
-0.357726577755255
-1.522860780809316
-2.709760123999684
-3.795559299411595
-4.661600001192660
-5.213741774547104
-5.397624215985526
-5.205430240036444
-4.671798766444964
-3.860753901575121
-2.851609692985397
-1.730729320674007
-0.588401035501241
0.483754708779000
1.399244228041279
2.089475413045770
2.517765494630838
2.683947615573961
2.615652435435535
2.353475281409773
1.939574108972400
1.413383715426406
0.812982355647436
0.178112554694238
-0.449581682646189
-1.030286115228302
-1.531243740083015
-1.930220126405652
-2.216548088820616
-2.391872428404489
-2.470763060675484
-2.479077263097896
-2.449212080546899
-2.412230263354420
-2.388085689342703
-2.378684252008600
-2.369622366192265
-2.339956255900450
-2.270906916253484
-2.148166945744999
-1.962077369156442
-1.708517149336952
-1.388829478619410
-1.008735426387733
-0.577757899344172
-0.109040081319433
0.383854867132593
0.895725228309684
1.438295348108686
2.036824453531080
2.711516786510814
3.455063905211569
4.220415552251302
4.926357249785713
5.479642804728918
5.803197236378203
5.856984335616340
5.642641160133835
5.193271480518928
4.557308646224767
3.783433094102512
2.912053039758606
1.977319022837796
1.014820683738971
0.065384017267143
-0.827251862732648
-1.620409452152277
-2.274955556398843
-2.756159746515190
-3.035287655418783
-3.094317364324874
-2.932836375723567
-2.574467789194526
-2.068992495999822
-1.485069097381894
-0.892677559072350
-0.343473980916116
0.138129723105216
0.549011688767935
0.895427390496887
1.183920282211567
1.415294242764385
1.580660530003387
1.661958005116342
1.637956573120621
1.493627915056407
1.229388459897205
0.866280822118943
0.444672364454752
0.017363503039212
-0.359592506513040
-0.637432170973343
-0.786475000454086
-0.803587256581184
-0.711319075650027
-0.551943351085579
-0.378238505361466
-0.240495574175755
-0.173001135138649
-0.184591042319187
-0.255610671005214
-0.342462942639463
-0.390172898459354
-0.350948843996993
-0.201974961328899
0.047413794932644
0.363170114767536
0.701390525504915
1.020234856909013
1.284723467787240
1.465417333301284
1.534774947918032
1.467706065317874
1.249322976184465
0.884659698830029
0.402558876825157
-0.150741073134153
-0.726291431047934
-1.286440707848735
-1.809949258778958
-2.287667623834281
-2.714074363037748
-3.080349549461344
-3.371954068581803
-3.570866766334038
-3.659919572903319
-3.626555428686876
-3.465483426379212
-3.179485025963984
-2.778566693774562
-2.280899656532434
-1.716755485753530
-1.130177178555732
-0.572416380762249
-0.088335639158928
0.296623522080555
0.581647007571941
0.785386677912633
0.934635991188035
1.055258331880277
1.170004202982144
1.300627129010871
1.468316940660208
1.689301305344554
1.968553889954153
2.296457239296520
2.650223315768027
2.999604433224505
3.315733700424336
3.579387553360320
3.783371949248890
3.928430154486342
4.016911530355381
4.047314126391392
4.010965678059954
3.892226395943701
3.672119681285127
3.332161012410407
2.855435589106592
2.226142914454872
1.430796272223052
0.462984587415908
-0.668349199613266
-1.930290144500697
-3.262209943458508
-4.579704386417849
-5.785137630310142
-6.781234541633022
-7.483283276770110
-7.827776646280092
-7.778253364587798
-7.329491934932245
-6.510012134000484
-5.380468462935552
-4.025050340305858
-2.537274154200091
-1.005523441099134
0.495883115309775
1.906640436458614
3.174504501047986
4.251309832359859
5.094509655930168
5.671652718348184
5.964093364920917
5.967770200398659
5.691831823186766
5.156730540772636
4.390845962132789
3.425723714349633
2.293292335108199
1.027386885903427
-0.330148026076743
-1.720529584120876
-3.061911620174665
-4.252767721987827
-5.187145207940075
-5.776355016052471
-5.966811619222536
-5.747658020511816
-5.148431660435565
-4.228914874314121
-3.063931832107210
-1.729458575975062
-0.296830405066655
1.164618394178182
2.580967483474637
3.868336886872014
4.934343651943557
5.690026841398790
6.069592506647850
6.048871373791619
5.652772072165567
4.947276640075540
4.018694527926956
2.949163494636468
1.799762829648033
0.609160836028609
-0.593727459747313
-1.773152418838750
-2.876035440414272
-3.832655608102947
-4.567847111060133
-5.016877539242369
-5.139035549397718
-4.924583224830590
-4.395137802499202
-3.599846595219897
-2.608134227317152
-1.499941938975489
-0.356541441310584
0.746215135314014
1.743379113766530
2.585477491498488
3.240038005787323
3.690455374026304
3.935960356429042
3.993612102345447
3.897610958241557
3.690345668723113
3.406991520883602
3.063687855025790
2.657095530089758
2.173737538043516
1.602189761564595
0.942163322855476
0.208457876056360
-0.568970755344032
-1.346899247053691
-2.071484389083746
-2.683447963351236
-3.128725192806026
-3.371779851826322
-3.404356923722231
-3.245886727657429
-2.937427258209584
-2.532201222429140
-2.083678682767018
-1.633484472932433
-1.205020277878070
-0.806844020535984
-0.442739501915852
-0.121063164310963
0.141755426310659
0.324283125100415
0.407394110772683
0.382015908132101
0.254495644085004
0.048108945689754
-0.200279121114255
-0.447816541042039
-0.655363698624699
-0.796355856514796
-0.861252460469257
-0.855362503478048
-0.791437969975614
-0.682084777902006
-0.537391432769363
-0.367329692764388
-0.183788732361422
-0.000223273935642
0.169231063171954
0.310054460034924
0.408843019600665
0.458220164493828
0.463083013894012
0.442900503369106
0.427495707845577
0.448040128107765
0.526534204841051
0.667630666154594
0.856118839616434
1.060051814760443
1.237819318912184
1.348514332233120
1.362717263316077
1.268988707404123
1.076012434070352
0.812146404175297
0.519963789182206
0.244825454042194
0.022324828666188
-0.129947538006327
-0.214182225252488
-0.248714443230323
-0.260864639778678
-0.276917410364738
-0.311299772443423
-0.360020099711146
-0.401840863163143
-0.405967292667202
-0.342871223819055
-0.195141809501552
0.034603304776482
0.321397524678948
0.622622705888734
0.889043670092518
1.078356521262211
1.165499327009278
1.145688278137782
1.029583265435212
0.833411105267828
0.569956196999880
0.245800409268773
-0.134752453813233
-0.562867943033259
-1.019836817676121
-1.476046123920765
-1.894812036474395
-2.239272286801614
-2.479973865056384
-2.601260986277770
-2.603629715712862
-2.499773754120342
-2.306555585946958
-2.038042975144459
-1.702853516427191
-1.306155602438850
-0.854840244675205
-0.363407639886357
0.141860174746605
0.623070475113414
1.037648560074004
1.350744312144176
1.546758366656990
1.633021596307516
1.632960824179566
1.572373664019350
1.467676232404365
1.323354750106433
1.137870951953921
0.912345590615056
0.656885164170368
0.391252681988397
0.139854722039569
-0.075298955710925
-0.240036714822077
-0.350154840648690
-0.409128305739511
-0.422498845628352
-0.393153872197281
-0.320339554080801
-0.201549931173414
-0.035773924084266
0.172382584879400
0.409282290393331
0.652585948237257
0.875765940433895
1.053801249195872
1.167539624498461
1.206355772084282
1.169814942911157
1.068331958513150
0.921627512268896
0.754532407784674
0.590909136410692
0.446818082666221
0.325545936325387
0.218713595006721
0.114521994574312
0.007828556739212
-0.094532282955307
-0.175585728957124
-0.216191939514298
-0.205163556322841
-0.144953777172124
-0.049764568545511
0.060754998321653
0.167742680494660
0.256618006206941
0.316791230414118
0.338921290766479
0.312879781300643
0.228543780786446
0.078889659444003
-0.136115346543805
-0.405467298980441
-0.703676864454453
-0.990518539157054
-1.217176380890485
-1.339060461869386
-1.331138003983318
-1.198858725933218
-0.978605290338162
-0.726320750162452
-0.499309564237923
-0.339968351396132
-0.267939379662670
-0.281033139603534
-0.361593416434560
-0.485035301264499
-0.627048679313983
-0.766535063438282
-0.885439753319853
-0.969057836801461
-1.007413659811401
-0.995725520739153
-0.933685223271632
-0.824547551338836
-0.673482140719203
-0.484897739656611
-0.260892321425675
-0.002747877180288
0.285526157881313
0.594545513132502
0.910452991667310
1.219333833186841
1.511393770686312
1.780922210057503
2.022222653357408
2.225115695898642
2.373602743376259
2.449219341509234
2.437830680593436
2.335929422948980
2.152358924037916
1.905244139228168
1.616820030444911
1.308279549619007
0.996541743049668
0.694094859078546
0.410061657105239
0.149873726278004
-0.086111107975823
-0.302728742096686
-0.507536568158526
-0.706411947531348
-0.899150134238719
-1.077030617930091
-1.223550260884458
-1.318409564918518
-1.343963072812168
-1.292575757149662
-1.171776301423718
-1.003567557596397
-0.817099409655480
-0.638700445765437
-0.486189969679803
-0.371443803790651
-0.307260237385742
-0.309509372672064
-0.389202257571582
-0.538776515643595
-0.723867598776067
-0.889044691685587
-0.975835515256818
-0.943132132794941
-0.779564009921266
-0.503868554825979
-0.156984579753265
0.208285401954336
0.537005815353180
0.780629652328947
0.905008492637504
0.898187381921680
0.774790929026555
0.572107782659517
0.337457516725860
0.112358095464263
-0.079407532625413
-0.235317602475538
-0.369044827991182
-0.500246998416550
-0.643722116726785
-0.801709754554872
-0.961856186290018
-1.100818374325051
-1.190791890173114
-1.206149959229019
-1.128707609801699
-0.950998364819131
-0.677863553045581
-0.326526917872868
0.075464195374969
0.494192377576002
0.893806692042791
1.240323191274709
1.504694964726473
1.665539279623896
1.711396381466673
1.642085956646753
1.468636835691484
1.210664271411156
0.891079367325788
0.530781540080700
0.146405193358748
-0.248402075843773
-0.639567061773350
-1.009120319064222
-1.334704014423238
-1.593612311983345
-1.768669147119991
-1.852045645665632
-1.845921729431822
-1.760631948764221
-1.610889944925047
-1.411590112992779
-1.175412592058979
-0.913037840767619
-0.635100866632655
-0.354304322770815
-0.085409272757381
0.158641749498572
0.373155404368585
0.565889701315251
0.754170434847888
0.955105158053684
1.174888286510662
1.403471744893819
1.616564884641329
1.783733296633953
1.879932724009661
1.895600227086586
1.839729962579136
1.733871474613575
1.600096497767632
1.449331431124814
1.276505951178606
1.065573633659982
0.802008060927460
0.485797241193020
0.137772589822519
-0.203925641423650
-0.495877147811261
-0.705111672229371
-0.821592725810411
-0.860920636804598
-0.855459219055297
-0.838655235045849
-0.830373560227421
-0.829679861780148
-0.817635875008005
-0.767956300386753
-0.660367655597653
-0.491327049906422
-0.278202895196441
-0.055560873010757
0.134935668430826
0.257755145619400
0.295261512572544
0.253081796094123
0.157311450051288
0.045609820031863
-0.044568105577719
-0.086720526766327
-0.071275487046404
-0.005558232541599
0.091333855767045
0.197163403738531
0.295234399174658
0.378157824688231
0.444939919480607
0.494611744459123
0.520865729909395
0.510860165156874
0.449372653146112
0.326150151785562
0.141886360319511
-0.090374752100509
-0.348359864780837
-0.606083286622538
-0.838839123501558
-1.025565169629968
-1.149222123194312
-1.198008171940098
-1.168901975169075
-1.070974418274935
-0.924326267768815
-0.753741298716541
-0.580096833907285
-0.414236656489297
-0.256845743142111
-0.103320141036035
0.051025171217789
0.208064951839136
0.365565943706674
0.516984228423076
0.652800221497613
0.762817234856208
0.838303007201418
0.873484840796423
0.865604433206786
0.813256033195390
0.715074543084887
0.570820541487556
0.384597011653274
0.168809850081878
-0.053252967537305
-0.249002564495521
-0.383370295101514
-0.428755969553406
-0.374436610472249
-0.231855464451610
-0.032871740319273
0.179200537255784
0.362077951102815
0.485359693846317
0.535665683541280
0.515011313053120
0.435338126588671
0.313360025217948
0.167605937156906
0.016949210946038
-0.121122408162595
-0.233652686414956
-0.315887149073674
-0.373120855250348
-0.419184077953525
-0.471337841532255
-0.542385993548737
-0.632431547421010
-0.724161451522242
-0.785331338810744
-0.779304641090886
-0.680089759295203
-0.485105071550687
-0.219246867494409
0.072145680948701
0.338310432215074
0.538680724380580
0.651522609534934
0.673256839887822
0.612924380111150
0.487345726042198
0.317732128761241
0.126002031639317
-0.068810392488281
-0.252696242075988
-0.417442632471808
-0.560398364800957
-0.682670524267853
-0.785945077444681
-0.869877593440766
-0.931114998869018
-0.963317644442448
-0.958471581088072
-0.910444830214581
-0.819737943980064
-0.696698497791890
-0.561391208706613
-0.439720937119191
-0.356602223345432
-0.329058587292961
-0.362137875827114
-0.447754253818787
-0.565706510259559
-0.687178863337022
-0.780443276364387
-0.817316354705465
-0.778925276441448
-0.659426883368785
-0.466458091068956
-0.217876607644316
0.064421587676574
0.361326007220825
0.660957674659380
0.958696565967602
1.252947465865879
1.539152137302603
1.805464021643351
2.032158549451013
2.194740049967239
2.269629784541554
2.241135537233747
2.107478150719644
1.882512973574449
1.591372649754609
1.262198698368421
0.918477805069958
0.575496203491992
0.241767715044374
-0.076196199904472
-0.369320921622619
-0.625068727950492
-0.830374283208703
-0.975571179984275
-1.057006488633910
-1.077794966982216
-1.046562667459118
-0.974437394341964
-0.871905576001332
-0.747425178200653
-0.608165869912193
-0.461598095966785
-0.315999756192987
-0.178772844389748
-0.053427913592535
0.062430348438180
0.176332552163973
0.297505990244621
0.432130647775000
0.579057703153969
0.728040086934835
0.861763918443659
0.960702920143860
1.008261474396762
0.994479608351001
0.917878922804774
0.785040767257605
0.607969134878590
0.401100114716467
0.180097723695802
-0.037871737796123
-0.234831014886923
-0.395215892023896
-0.510555355250845
-0.582797697823830
-0.623244196890968
-0.645852064491342
-0.657995220478252
-0.654950018302325
-0.621851357808339
-0.541318654913490
-0.402271845765128
-0.206265977348197
0.030235266578946
0.277877879365732
0.500518305442621
0.663819788713706
0.743807364246754
0.733656682334563
0.647049779465382
0.515750148656046
0.380580260062113
0.278576556073953
0.231475517289586
0.240028175633147
0.285948877387608
0.340348994390966
0.375159179678974
0.372913914284817
0.331566317657829
0.263489053843585
0.189158217137322
0.127409125918798
0.086278203736060
0.058744431804049
0.025242229704282
-0.038188145971216
-0.149386820333410
-0.311810307287410
-0.512147113217810
-0.723796131809759
-0.913716500907676
-1.050635207279202
-1.113064203422855
-1.094573582726413
-1.004079133770030
-0.861664030881092
-0.692151558394578
-0.518453066020331
-0.357131538935764
-0.218031253183328
-0.106891951745202
-0.028067757740277
0.014578256661669
0.018723421028194
-0.014505048345458
-0.079493785283819
-0.167452185733476
-0.269426472323493
-0.378581951042067
-0.490124818063098
-0.598923589647389
-0.696281156187393
-0.768364232535923
-0.798092867549544
-0.769977584113557
-0.675679903208240
-0.518021616979152
-0.311896931882030
-0.081288868862927
0.146955717126889
0.350037783166232
0.513763016045926
0.633285241409064
0.710975709364697
0.753407276109922
0.768377889545851
0.761727728322074
0.734210038868540
0.680152825726385
0.589811768689134
0.454931257189432
0.274538337882866
0.058214112336408
-0.174135136308840
-0.395893686560228
-0.580015736844926
-0.706033081446388
-0.764689188153343
-0.757752432767233
-0.693500572661713
-0.581273927343955
-0.428466914204313
-0.240881079231742
-0.024804396574038
0.211674971841773
0.458827340502516
0.705699546050436
0.940211457700315
1.149739996616305
1.322610045937870
1.449499886167002
1.523640390996593
1.539980693520347
1.494547203146431
1.385411172119558
1.215475772377091
0.994700249166718
0.738912173575843
0.465763412003865
0.190934868155051
-0.073760707008110
-0.320860796894222
-0.546655029762490
-0.749214616613470
-0.925472092875023
-1.068780783321619
-1.168636589504566
-1.213196094262097
-1.193245675120666
-1.105377587057386
-0.952996832297132
-0.745299156399360
-0.495447800516855
-0.219226311226354
0.065189094895148
0.336698757777775
0.571402027138363
0.744593289848276
0.834665599600846
0.828084092924965
0.723946544214714
0.536283689179655
0.292591998328695
0.028152981777498
-0.222426458890499
-0.433152421601178
-0.590732381200240
-0.693740480490298
-0.748523324704584
-0.764620604364984
-0.751548035326700
-0.717044714792328
-0.665997724304095
-0.599886746134157
-0.517549550302864
-0.417628040135362
-0.301469721833496
-0.174822575124136
-0.047693585380313
0.067473925657236
0.158710335997513
0.217551608464611
0.241184202566234
0.232998288201642
0.201381470697776
0.157028764322824
0.109827726661905
0.067116080699980
0.034127397525291
0.015186323180066
0.013251621852992
0.027251613261248
0.049351382474356
0.064913397617478
0.056638368516934
0.011834058079626
-0.071237055635041
-0.181964164634580
-0.301368971912739
-0.408509851983073
-0.485631691586929
-0.520600713043962
-0.507954944512707
-0.449369943691148
-0.352310861683053
-0.226677489288142
-0.081618861066717
0.075332846626299
0.236505237100462
0.391371040684614
0.525761004560544
0.625040816888438
0.679916700156847
0.690477017495755
0.665306340253812
0.616701229478436
0.555120244317418
0.485290054374297
0.405549959729732
0.311069669735097
0.199407885218690
0.075128420360219
-0.049586157451870
-0.159370988026747
-0.242823062780236
-0.297544417865935
-0.329604031130415
-0.348201676583144
-0.359669905400917
-0.364873117225262
-0.361167523672486
-0.346602934948264
-0.322584508962682
-0.293063579216245
-0.261451667575409
-0.227833345881002
-0.188358074975841
-0.137217628302372
-0.070268176860938
0.011491201860696
0.100430410010364
0.183495457369363
0.245465023247534
0.273297900215535
0.260314138938650
0.208410945313656
0.127234334051467
0.030709171597932
-0.067580298859715
-0.157938458938824
-0.235371881346635
-0.297924950503514
-0.344370250260108
-0.373269422197504
-0.383703295499532
-0.375900359041979
-0.350344471040402
-0.306033253391636
-0.239741909012190
-0.147483365602319
-0.027546171287627
0.116809864800674
0.276208740190266
0.435127107331336
0.572723183174856
0.665595357429219
0.693109094475442
0.643846887230236
0.520070785007978
0.337827181188006
0.123138286057864
-0.093515417107322
-0.282505735308097
-0.419507104962344
-0.489534335747957
-0.490125183759288
-0.431532729452954
-0.332818008564392
-0.215742648276316
-0.099376733350032
0.003111345910784
0.085311662088876
0.146757048078265
0.191629187709560
0.227308978420574
0.262304410253036
0.303678466280670
0.354632221696917
0.412778191503410
0.469533203410527
0.510971603645242
0.520312028399150
0.482145020668432
0.387714737084729
0.238938954379876
0.048807797403255
-0.162239006896867
-0.372335124485498
-0.563641256430342
-0.724764858599390
-0.849944853259642
-0.936542214254914
-0.982932692770913
-0.988041241363071
-0.951957495210563
-0.876647618449372
-0.766555390708630
-0.628732880153505
-0.471899235314517
-0.304895970524923
-0.135605321537344
0.029301103290972
0.183974505992934
0.323107833031294
0.442686048998825
0.541174223375318
0.619408243062032
0.678859655180844
0.719620846398460
0.739184306746495
0.732242786543476
0.691789359210291
0.611760698586118
0.490592997356325
0.334406798877087
0.158187336230803
-0.016539074753134
-0.167183563586897
-0.276272949486067
-0.335500251269802
-0.345931773630429
-0.314773415407831
-0.250940750741657
-0.161834052347329
-0.052676764337771
0.071675444036594
0.204027986659350
0.333478328884642
0.446718264904670
0.531361693577106
0.579302207148831
0.588477126059920
0.562682960181088
0.509790358829112
0.438872230249178
0.357539686057633
0.271280589986059
0.184920551088459
0.104127528842907
0.034952469118715
-0.018515557813629
-0.056302023338352
-0.082398490211612
-0.101995321546963
-0.117797555262237
-0.128150829583723
-0.128475712281631
-0.114546787733763
-0.084846240542492
-0.040994502181547
0.012966098588551
0.071858649074754
0.130871705841396
0.186704357348058
0.238139088265423
0.285765278637833
0.330528823001508
0.371836436806651
0.406590249021675
0.429684171410971
0.435370891422278
0.418806494010652
0.377453705360940
0.312026249026976
0.226629672121347
0.127785637189066
0.022260265972143
-0.085483856155268
-0.194565793022330
-0.306645381176417
-0.423202729654829
-0.542691337456452
-0.658928019983666
-0.761594719065132
-0.838884118396673
-0.881304459794499
-0.884767959234133
-0.850869813580072
-0.783991813542709
-0.687794020737302
-0.564522044286438
-0.417690287726965
-0.255157510790712
-0.089542108667669
0.064586356972902
0.195322284531936
0.297147046216641
0.371256832505445
0.422740921552566
0.457171799040231
0.478382165485851
0.487359051465404
0.481959634127808
0.457860481655138
0.410774781106430
0.338917584997562
0.244617424156400
0.134512264144833
0.018241471690213
-0.093892926800833
-0.193528290066962
-0.276009293668223
-0.340378167460873
-0.388087643384947
-0.421495599819887
-0.442555860255657
-0.452130612129513
-0.450029920375515
-0.435062276019605
-0.404961983681068
-0.357329040872856
-0.292044356422363
-0.213445564817708
-0.130282298421278
-0.053292921773380
0.008385172222173
0.049905077967248
0.070719969116985
0.072621448885815
0.057922005501261
0.028479122261905
-0.014789953994424
-0.071815497181817
-0.142353061571066
-0.224183459378561
-0.311508560625000
-0.394807763910299
-0.462703548035563
-0.504993228047129
-0.515068195276518
-0.490463758048213
-0.431570030631582
-0.339703650542136
-0.216241069195728
-0.063434079036616
0.114124666259791
0.308720808981163
0.510092351757202
0.707374315478390
0.891535651498728
1.056421793551729
1.196996474238397
1.306075514315314
1.372806963844201
1.384769220307912
1.332684545167837
1.214893761703315
1.038880373780642
0.819399981839180
0.575116578707110
0.325511634374020
0.088008534783155
-0.125160702657918
-0.309193857830481
-0.466065484043298
-0.600611909534678
-0.715384356343257
-0.807438398663381
-0.869199451038901
-0.892714937715259
-0.874352086309473
-0.817059054568172
-0.728881036266901
-0.618788307861224
-0.492975042479428
-0.354050034469975
-0.202743277324429
-0.040563393352918
0.127920398009304
0.294359501425768
0.447774142654057
0.576740090402169
0.671635092163090
0.726244134839208
0.738312889338914
0.708933168382614
0.641053685591538
0.538147585909159
0.404078732760524
0.244146545464658
0.066624786054364
-0.116197263439365
-0.288709639616281
-0.434637374086051
-0.540497134497088
-0.598576768165887
-0.608690826378590
-0.578446153950228
-0.521827615531586
-0.455756565417674
-0.395180675825920
-0.348765416899358
-0.317287040624223
-0.295162705937172
-0.273950141545266
-0.246340411326992
-0.209498002861541
-0.166738129289489
-0.126851048531868
-0.100918324783231
-0.097170436363489
-0.115976892292067
-0.148196788824423
-0.178378865119386
-0.190815951229671
-0.174939500644144
-0.127958928750656
-0.054812365094900
0.033636137800304
0.123775983543897
0.203852369164036
0.268804285578381
0.322539791652717
0.375673287990890
0.439664383255331
0.520515493629220
0.615316326929988
0.713039805215729
0.798532207897968
0.857671974939846
0.881931980386980
0.870741836094859
0.830421897450545
0.769933475527548
0.695717983640685
0.608641957858055
0.504910749307191
0.380229758294901
0.233820847803948
0.069121509261350
-0.108700778370929
-0.295599135330887
-0.489330948649644
-0.687613298944320
-0.885148227379017
-1.071514070958070
-1.231633278898388
-1.348975542899273
-1.409782092357176
-1.406307191704568
-1.337779607561308
-1.208929074725240
-1.027661085325245
-0.803728576777820
-0.548554298638657
-0.275156778603693
0.002522003248414
0.270504955086524
0.515041494002172
0.722408151140139
0.879282985472586
0.973872910190042
0.997200109345011
0.944362699689151
0.815702818527188
0.617617963937766
0.363043400354658
0.071570776790197
-0.231784614320046
-0.520089672087371
-0.769100868684741
-0.960525634367805
-1.083096562713578
-1.132560106542985
-1.111240960217446
-1.026677185642674
-0.889193147429233
-0.709257938078530
-0.495751719416348
-0.255750180166797
0.004391438608616
0.277473822231201
0.554408308103490
0.824096952884688
1.073703862337992
1.288735519201955
1.453267619885012
1.551340734872546
1.569849451643691
1.501981347324316
1.349993600405396
1.126398418834976
0.852727150979485
0.555439782108882
0.259895105020375
-0.015021951854711
-0.259144328989437
-0.469557184228700
-0.646443487828539
-0.788448564390478
-0.890196312216184
-0.943104897774527
-0.938616442211297
-0.872278733421570
-0.747174150245228
-0.574954822707000
-0.373545259592750
-0.162853139393229
0.039248282239154
0.219289980422255
0.368145207046824
0.478970644230948
0.545486666844634
0.562421966444017
0.527380037001797
0.442459066339576
0.315077094435149
0.157953376062456
-0.012045587028039
-0.176291553710935
-0.317913162447357
-0.425747820071790
-0.496802698583408
-0.535287170705558
-0.548297398796568
-0.540500623856536
-0.511042798846881
-0.454963877197815
-0.368375834462901
-0.253761635475695
-0.122237152363215
0.008224342964477
0.118333310854613
0.194371654169358
0.232023440569901
0.234956922539454
0.210157477582527
0.163373381692095
0.097031845344288
0.011513372325415
-0.091295927517158
-0.204872985205707
-0.317899108058817
-0.417459717755410
-0.493376261856229
-0.541032137309641
-0.561777833966705
-0.561574890057016
-0.548893781582351
-0.532515835196565
-0.519453544806189
-0.512687506240122
-0.508833998128936
-0.497518864410008
-0.464264220887775
-0.396058601748296
-0.286657006701325
-0.139067743111700
0.035552219982940
0.221479888545993
0.402197164453659
0.562944080982410
0.692602683797198
0.785518690333704
0.842262580868724
0.868009633018136
0.868869089877460
0.848199226032177
0.805095327147425
0.735747825624935
0.636613446296869
0.507649263819464
0.354249024931048
0.187403967495090
0.022193025735727
-0.125086451318121
-0.240502861192449
-0.315688479543242
-0.349317162624866
-0.346228222565025
-0.315014895471492
-0.265521010240083
-0.206936350235675
-0.146509781089932
-0.089042857807278
-0.037204861528135
0.007792052394023
0.045631662570323
0.076537599791887
0.100995482137663
0.119468447391526
0.132069870114648
0.138205609156560
0.136533072687601
0.125740005933711
0.105963609579275
0.079980637120283
0.053369206962974
0.033237293639481
0.025728659324908
0.033435443382270
0.054308129547021
0.082700896808741
0.111464375981458
0.133672421885533
0.143858140241037
0.139194892723370
0.120479238109008
0.092500123227129
0.063291032896267
0.041811813583648
0.034574886926312
0.042941131827108
0.062992373296736
0.088454577160600
0.114662014849975
0.140672653231817
0.168611976615894
0.201385475037548
0.240269076216540
0.283573778925411
0.326749375185995
0.363177385292570
0.385151898440618
0.385491059491242
0.359652970666655
0.307170645982966
0.231870377084906
0.141421075236099
0.046474193568162
-0.040715066851968
-0.108219767339056
-0.146996996685469
-0.153555150094020
-0.131444583302974
-0.090537462168962
-0.044223954742646
-0.005533793675981
0.016522304244488
0.018929874000798
0.004201009770944
-0.021899205048376
-0.053037286190061
-0.084018621767225
-0.110977411932702
-0.130911759803118
-0.141521721456051
-0.141174996838487
-0.128699276093828
-0.103528975582961
-0.066611403737546
-0.021471219855073
0.025635046204855
0.067221348845778
0.097458047792173
0.114841978793306
0.122637186174022
0.126421794792990
0.130563946214277
0.136258635731411
0.141700379723095
0.143100550912732
0.135678062701205
0.114783984431722
0.077409211718726
0.023847552534859
-0.041466281719947
-0.111153081380968
-0.177917145686452
-0.237487089257264
-0.289520669090000
-0.336087266879677
-0.379107164682169
-0.418482414082542
-0.451456154396330
-0.473044505457455
-0.477760029232720
-0.462149625783299
-0.426428539811631
-0.374317481976150
-0.311735027365205
-0.245216334411732
-0.180775593276527
-0.123692498574323
-0.078842122673439
-0.050354093175695
-0.039985095965808
-0.045555831742240
-0.061320359465670
-0.080077002127412
-0.095364576888959
-0.102755807046639
-0.099925008509083
-0.085554956960602
-0.058125093428008
-0.015877521738393
0.041816750177014
0.112611822409911
0.190234572213223
0.265424939095223
0.328345001603838
0.370770055228618
0.386907012414825
0.373230967749973
0.328503808898542
0.254501383230559
0.156751451567979
0.044241425846094
-0.072096748180738
-0.181579072224374
-0.276129408063226
-0.351984793628409
-0.409515307802710
-0.451126312083646
-0.478851785195769
-0.492936223880015
-0.491641688444605
-0.472452526185985
-0.434326349445783
-0.379379707714914
-0.312570539724677
-0.239687804366501
-0.165272658625129
-0.091795138705312
-0.020286301051385
0.048251873722921
0.111768373891503
0.167151377803099
0.211236244095805
0.242405149578554
0.262025299115910
0.274844578436266
0.287817205820753
0.307482849463467
0.336936758751492
0.373918622156056
0.411238155321096
0.439511865484666
0.450639313858591
0.440497832087130
0.410266102690914
0.365867718437443
0.315429137834978
0.265903916843642
0.220469848686031
0.177902437235624
0.134644950094916
0.088824765453332
0.043629840093756
0.007712670016691
-0.007722182315955
0.006175074289063
0.051283123259679
0.120490418082700
0.199195147109090
0.269452044542869
0.314966162667840
0.325217137405699
0.297590386768239
0.237269377180230
0.155405340000579
0.066243817931805
-0.016141611647963
-0.080943798444663
-0.123196444241203
-0.145161601219173
-0.155417665827179
-0.165561065462844
-0.185984985398634
-0.222141643561422
-0.272240347098511
-0.327531131497883
-0.375597721997978
-0.405355244994597
-0.411545264026456
-0.396913607131584
-0.371102347630386
-0.346514998197824
-0.332992989628153
-0.333900974541535
-0.345211250450212
-0.357572069628641
-0.360518565938429
-0.347358893900546
-0.318678951393546
-0.282497194090100
-0.250263175368766
-0.230284926791073
-0.222172527254881
-0.215446285136272
-0.193396965750615
-0.140884278740696
-0.052111719395433
0.065925613484422
0.195607585953069
0.314956777733502
0.405369945634789
0.457854043938777
0.475315284568793
0.469993508424397
0.457521346555693
0.450685525547166
