-0.000166078227329
-0.000140035282588
-0.000179345789984
-0.000235984094585
-0.000207943752304
-0.000070844933025
0.000114032602811
0.000172913286646
-0.000055188017583
-0.000444467864849
-0.000645127931236
-0.000520562440262
-0.000240411144338
0.000025746428124
0.000222034791649
0.000329215167899
0.000328518167368
0.000186609718990
-0.000101970603840
-0.000382545232364
-0.000407371194883
-0.000165352037566
0.000066942559619
0.000055027484668
-0.000183602549447
-0.000443487153285
-0.000497401607324
-0.000303271078263
-0.000080793359701
-0.000032440332396
-0.000097327305043
-0.000155854236340
-0.000258481168695
-0.000485681543623
-0.000744282968784
-0.000840963638981
-0.000693734375401
-0.000434794177186
-0.000308260174618
-0.000350695064303
-0.000310360055176
-0.000036590955250
0.000302348116885
0.000443765503860
0.000296799367201
-0.000035428586086
-0.000387017882695
-0.000610300668595
-0.000661578318848
-0.000578966244197
-0.000347319864432
-0.000009907694549
0.000224235517966
0.000197438101882
-0.000020713052501
-0.000219828095643
-0.000215812209985
0.000022826680557
0.000313068935033
0.000407326887380
0.000265669378083
0.000034340691163
-0.000180940585041
-0.000331615663290
-0.000340374415049
-0.000198925189206
-0.000032793940021
0.000055372010328
0.000034122522889
-0.000101796554806
-0.000233999271696
-0.000175028975904
0.000075077407337
0.000306258713711
0.000370228898726
0.000308009389583
0.000177195279694
-0.000057627162666
-0.000419626323141
-0.000791441430088
-0.000909631706995
-0.000571194758875
0.000080084687625
0.000614524305022
0.000724844951454
0.000449401140005
0.000078801006459
-0.000077449218184
0.000016193772154
0.000102734460344
0.000001820601192
-0.000171427901961
-0.000235739279730
-0.000213725232527
-0.000216504079176
-0.000177075678203
0.000053075867709
0.000388676747915
0.000519762207997
0.000257347729343
-0.000217169071807
-0.000477152858896
-0.000290817467990
0.000111634389942
0.000344561778315
0.000260029814837
-0.000021866334451
-0.000225208593500
-0.000150590602200
0.000106069858330
0.000323379251998
0.000437798778724
0.000482136769866
0.000393146771834
0.000078594851363
-0.000392540932092
-0.000773697889609
-0.000803291955055
-0.000432944494707
0.000098691150859
0.000496470126765
0.000672066731999
0.000691857742780
0.000565590177602
0.000267440915923
-0.000102429631452
-0.000337207656012
-0.000298070631706
-0.000045145763019
0.000189840052526
0.000195289851999
0.000005984039177
-0.000127241901066
-0.000045054430984
0.000165802351644
0.000314513863156
0.000286539875547
0.000101084402791
-0.000127994927625
-0.000260149881882
-0.000223468247332
-0.000050389877615
0.000163338908090
0.000266480486100
0.000130097172078
-0.000198350465239
-0.000499248742984
-0.000567320326975
-0.000360106683440
-0.000007257788246
0.000269776469729
0.000350464875420
0.000318013022821
0.000252483383445
0.000081219815939
-0.000229954714299
-0.000489528175991
-0.000446964664267
-0.000106700755210
0.000239634687798
0.000288243842542
0.000033500239307
-0.000228331707692
-0.000282366551169
-0.000222964072067
-0.000200982302089
-0.000204073086764
-0.000203182655272
-0.000251132937299
-0.000381302898141
-0.000577378278259
-0.000731769340701
-0.000634415826741
-0.000225929035475
0.000237092680114
0.000438818430353
0.000330434002791
0.000112443468388
-0.000013015440051
0.000015861682461
0.000115875718211
0.000168008131413
0.000206870057489
0.000321128352827
0.000385497140354
0.000221362476175
-0.000076435595842
-0.000215800182174
-0.000000281874067
0.000509421637097
0.001032951962100
0.001265840689558
0.001102637698955
0.000718570912607
0.000375869057173
0.000142516642813
-0.000069769663450
-0.000289644702999
-0.000461500785035
-0.000513377288475
-0.000415545471450
-0.000225470508205
0.000011545838397
0.000319127029769
0.000594306668944
0.000572086286859
0.000159976309832
-0.000386034457483
-0.000709485278411
-0.000673149876793
-0.000419963866038
-0.000163001143614
0.000057519705315
0.000348237554845
0.000693188873729
0.000881716448341
0.000787231631035
0.000567005593705
0.000496081099581
0.000667057714843
0.000903409856875
0.000931741417743
0.000643943437709
0.000227662769966
-0.000070217857619
-0.000224554408598
-0.000278133346805
-0.000177374755027
0.000092723474353
0.000458709921285
0.000788938102272
0.000892151477680
0.000689167160274
0.000388849345395
0.000278941117424
0.000350232709788
0.000334239560709
0.000104988617922
-0.000149902467364
-0.000179281785569
0.000056460260800
0.000394330480373
0.000643856467558
0.000731713516587
0.000691978354388
0.000536386615798
0.000267782557700
0.000013907661023
-0.000038366775056
0.000138586351813
0.000371304273205
0.000434990545131
0.000225871672782
-0.000114623888555
-0.000299432692600
-0.000205889743577
0.000008485203714
0.000149997132964
0.000220151374280
0.000320786475975
0.000473546532739
0.000598021742947
0.000582061347438
0.000427301702553
0.000305713797657
0.000347871894570
0.000467018498160
0.000518406866472
0.000506428999187
0.000489179671625
0.000463735958812
0.000457641908425
0.000497911062719
0.000521293148293
0.000460593378065
0.000275389101229
-0.000070896706285
-0.000502461504344
-0.000778086137217
-0.000675243871850
-0.000205144310181
0.000383928699093
0.000769840262307
0.000774461896761
0.000497688096668
0.000187847150403
-0.000009349831546
-0.000065750728027
0.000068131606586
0.000383144033686
0.000664072936259
0.000654116076118
0.000313389580518
-0.000174601294201
-0.000519922264412
-0.000493535451369
-0.000168893511219
0.000123908525203
0.000191705083825
0.000162257803063
0.000248761313163
0.000459144384217
0.000608689585490
0.000558382475383
0.000340940698448
0.000078054509075
-0.000170724667379
-0.000399891572773
-0.000494093590402
-0.000271465905745
0.000244013768373
0.000771560054883
0.001012081200716
0.000835761163936
0.000365605506997
-0.000078941840941
-0.000289135510348
-0.000334291877417
-0.000308994597542
-0.000136115157392
0.000212434577784
0.000517989503319
0.000521770014910
0.000194971875990
-0.000221150759345
-0.000387740856797
-0.000200161591966
0.000082405565634
0.000147710422135
-0.000048950779987
-0.000337350220399
-0.000529849608924
-0.000523138985181
-0.000345672241821
-0.000068117261590
0.000321567772300
0.000773649792753
0.001027226408689
0.000865158971578
0.000439650503921
0.000096579121134
-0.000012503208455
0.000054606631058
0.000143658085611
0.000070335385878
-0.000177038571509
-0.000425557393497
-0.000563190189513
-0.000562576011636
-0.000333858262435
0.000164468676955
0.000705664285814
0.000931692427358
0.000704734267275
0.000236446068357
-0.000083895817025
-0.000043342138461
0.000171760244970
0.000185075202094
-0.000139431975102
-0.000566051768398
-0.000783391618085
-0.000696255895072
-0.000436652600517
-0.000192806635765
-0.000005062590981
0.000197875217106
0.000332666557080
0.000203408457645
-0.000131525704563
-0.000359383051919
-0.000300914714497
-0.000036928981656
0.000251051173868
0.000369471864946
0.000226883904305
-0.000048217161026
-0.000270993002261
-0.000363892151741
-0.000262852809392
0.000068043636507
0.000488418618908
0.000730921961408
0.000581218654323
0.000035549251156
-0.000589203896995
-0.000840145414355
-0.000605728076433
-0.000218838248224
0.000008843190374
0.000064197198296
0.000030167537299
-0.000054004328252
-0.000128201359889
-0.000139563384800
-0.000060278023095
0.000165692431793
0.000463388152780
0.000502553914667
0.000052781893318
-0.000638084378330
-0.001060151088508
-0.000936343900978
-0.000415269014188
0.000098559187481
0.000300673266177
0.000222961998055
0.000058382678376
-0.000110156447365
-0.000226976425256
-0.000155476276974
0.000115651921957
0.000391283399028
0.000488528301034
0.000329181193183
-0.000075576090472
-0.000528612453420
-0.000740193885331
-0.000667854907756
-0.000531047242218
-0.000466174654779
-0.000428390777928
-0.000370562917092
-0.000311115029511
-0.000299374903393
-0.000356679073543
-0.000369344838812
-0.000179200779641
0.000149709634495
0.000380198383084
0.000430921378125
0.000434472087526
0.000480480181965
0.000503998779371
0.000396756029598
0.000117738888847
-0.000204340931272
-0.000350051771217
-0.000300989692068
-0.000254915776211
-0.000306440909413
-0.000335573539787
-0.000260503804872
-0.000173947403302
-0.000188425805946
-0.000328959709584
-0.000481857973907
-0.000425598244825
-0.000119153086214
0.000173826146051
0.000202791135542
-0.000004355035369
-0.000257061984142
-0.000443171203431
-0.000607877533597
-0.000801217683631
-0.000880764139128
-0.000634230802072
-0.000144999227795
0.000177532633273
0.000061487761689
-0.000313224506192
-0.000589557072145
-0.000594878206141
-0.000372692241074
-0.000086019658534
0.000131653273634
0.000283093502912
0.000364246630886
0.000245439232414
-0.000130330885243
-0.000548875221433
-0.000696573310118
-0.000492832820740
-0.000172109353761
-0.000084841039351
-0.000354085709216
-0.000688730071893
-0.000725439694025
-0.000480430675757
-0.000233277893071
-0.000128989380096
-0.000101445403204
-0.000048656636644
0.000063263253343
0.000184329063702
0.000243109853847
0.000267423251641
0.000306986068845
0.000256658795074
-0.000019709636141
-0.000470463961724
-0.000898561612643
-0.001111939035292
-0.001021288278703
-0.000692539176868
-0.000310160183944
-0.000031747299769
0.000114310439035
0.000146069623694
0.000061199547031
-0.000049261223498
-0.000005033411817
0.000223467752476
0.000447118562312
0.000460939779661
0.000200096444482
-0.000212809013624
-0.000544623089898
-0.000685477042770
-0.000708020101417
-0.000663345336269
-0.000543193701321
-0.000427303301440
-0.000441424514014
-0.000617888376311
-0.000894982085269
-0.001107492944554
-0.001021025088347
-0.000620354324631
-0.000230276766977
-0.000114491222029
-0.000140471569201
-0.000024070191221
0.000287482126361
0.000606016997504
0.000699421080575
0.000481675257830
0.000108442319340
-0.000233443825326
-0.000530754361558
-0.000766149122893
-0.000791610606617
-0.000517142085118
-0.000051961784934
0.000362308663436
0.000472595542300
0.000189818233150
-0.000249906818670
-0.000494819410230
-0.000460334087563
-0.000295952920009
-0.000102381982565
0.000102241437678
0.000224634983809
0.000121723226121
-0.000193298938990
-0.000486194555957
-0.000455874378349
-0.000043447948777
0.000388104507061
0.000414627096507
0.000036748541869
-0.000400625116515
-0.000602518025075
-0.000501870084209
-0.000229170075980
-0.000000245464545
0.000083892547289
0.000106750192519
0.000114197412457
-0.000001030406184
-0.000254268789944
-0.000416183171872
-0.000289732195043
0.000016784083389
0.000224452636476
0.000132588604811
-0.000241518667963
-0.000639970489692
-0.000810706884271
-0.000733577853314
-0.000483811380168
-0.000112364128990
0.000237127923503
0.000347744941351
0.000123159481940
-0.000322160524472
-0.000690889200804
-0.000689848697398
-0.000327377291625
0.000052300208625
0.000106279499065
-0.000159610338229
-0.000445695736017
-0.000503237001921
-0.000308307053977
-0.000024473258977
0.000143904009315
0.000120624366279
-0.000099481195837
-0.000537540950782
-0.001063919209923
-0.001321572477670
-0.001030652144826
-0.000323074639104
0.000337553608122
0.000541707937703
0.000248936562855
-0.000213935968557
-0.000497965401008
-0.000538612952666
-0.000469627295866
-0.000363533105494
-0.000214761124783
-0.000090250324148
-0.000094020166072
-0.000261926381444
-0.000542667899812
-0.000726656149186
-0.000568123917964
-0.000133654306913
0.000242968791482
0.000371338793485
0.000334796583172
0.000295254418735
0.000318583421463
0.000331572076201
0.000217775902131
-0.000012310447681
-0.000236049350307
-0.000434496114798
-0.000682976082432
-0.000896876206183
-0.000863530678158
-0.000536719765636
-0.000115243467943
0.000132626365929
0.000101624638348
-0.000034562245546
-0.000005697278251
0.000220834716361
0.000412590507837
0.000393733321128
0.000218574617156
0.000028249078503
-0.000118278644263
-0.000245156373887
-0.000342163653578
-0.000306545598537
-0.000032935961220
0.000408778606895
0.000736350515070
0.000718137357180
0.000404828151781
0.000033541119311
-0.000161095989451
-0.000064726932448
0.000216854076611
0.000452662040397
0.000535335697739
0.000470770181798
0.000233046096261
-0.000126063262934
-0.000367854757367
-0.000280147022044
0.000071354218027
0.000399637935970
0.000473123127269
0.000311219203102
0.000090198547428
-0.000079391344927
-0.000194961260575
-0.000258543416486
-0.000194893703394
0.000052063150401
0.000326417920004
0.000382200564227
0.000186404882807
-0.000062413088779
-0.000135117892211
0.000055009215254
0.000388797593118
0.000618231055757
0.000581589122287
0.000349283290008
0.000086622412981
-0.000125510688519
-0.000260633773635
-0.000280753268232
-0.000167821964265
0.000022297382652
0.000137924626508
0.000010808613324
-0.000320880198575
-0.000543158102873
-0.000415685960791
-0.000047667811076
0.000294512899384
0.000447710261161
0.000420951628811
0.000325526102904
0.000239036717307
0.000156931905230
0.000099135139107
0.000195320881843
0.000480423997740
0.000713590727737
0.000644316474911
0.000302262730732
-0.000071594328336
-0.000217234479950
-0.000049369099029
0.000225145434439
0.000333877428046
0.000274187980099
0.000240575668759
0.000294276089945
0.000307743745473
0.000233167307925
0.000184866901410
0.000227612994930
0.000295275586068
0.000248729361942
-0.000012853690913
-0.000353523360288
-0.000482469173859
-0.000303025743010
0.000009616946182
0.000196543841373
0.000132325607762
-0.000029624219840
-0.000039732228735
0.000123264450894
0.000307274729957
0.000467267329164
0.000636002475908
0.000694796375502
0.000467080309565
-0.000005563747891
-0.000468486536439
-0.000656030219549
-0.000481137327408
-0.000109024269471
0.000209874546138
0.000399775943598
0.000576966274214
0.000796804974292
0.000931234425829
0.000834347928051
0.000517500488699
0.000186919871082
0.000074169851452
0.000149069796720
0.000152092404118
-0.000004519727804
-0.000101739070242
0.000017111447224
0.000217144476166
0.000293082326868
0.000192634600920
0.000008538541268
-0.000108677756464
-0.000071705897714
0.000038953695894
0.000095039011818
0.000103473646967
0.000103502155771
0.000042154612616
-0.000099136500908
-0.000217141497242
-0.000173910489604
0.000110403499100
0.000580742838046
0.000983526213569
0.001025686062172
0.000684914419510
0.000180633105385
-0.000287474377922
-0.000575002886081
-0.000592568958656
-0.000385876338647
-0.000085302351855
0.000149665718124
0.000143226663716
-0.000119218264689
-0.000351788000195
-0.000247529994417
0.000147942139171
0.000528870212752
0.000669892256139
0.000564303173244
0.000389061444212
0.000337978311961
0.000383701532253
0.000358492945395
0.000287027189820
0.000342944389917
0.000498842839203
0.000540488345925
0.000385146674277
0.000157442140127
0.000054709366096
0.000209438516044
0.000516183836012
0.000694686544604
0.000631860710569
0.000426011040871
0.000177643272955
0.000008634398382
0.000069405745182
0.000351999931672
0.000694745033593
0.000946976188742
0.000945817065022
0.000535909328264
-0.000133084015183
-0.000605824872145
-0.000625954594430
-0.000319057077653
0.000097415922430
0.000441221594369
0.000614208518679
0.000691125104838
0.000730688438769
0.000629638223142
0.000390983324560
0.000254010287883
0.000335621998252
0.000429516207264
0.000292418597087
-0.000090054730759
-0.000477123362798
-0.000511700651518
-0.000078508658311
0.000476157849841
0.000717557264256
0.000615758407472
0.000414892290107
0.000240089921490
0.000111891903864
0.000093688430847
0.000222346932075
0.000449856353388
0.000641263308224
0.000559378282496
0.000095746450527
-0.000439908316412
-0.000572938328773
-0.000180381710811
0.000451291052263
0.000935553172979
0.001051532348756
0.000843332613269
0.000491433325562
0.000121333595154
-0.000166182105538
-0.000205697262331
0.000069283428698
0.000445996650307
0.000621197995364
0.000510037127183
0.000275860991100
0.000148769083007
0.000208419336091
0.000300802974749
0.000240309147363
0.000073233396167
-0.000011649312740
0.000002270406253
-0.000006137149440
-0.000024272736149
0.000088705519671
0.000428728124467
0.000908899623615
0.001217863465088
0.001055171518038
0.000489170866188
-0.000048197502234
-0.000188843240904
0.000067081849589
0.000458584657322
0.000707044578906
0.000692949711212
0.000505654523275
0.000264285857293
-0.000029841485319
-0.000309126476656
-0.000371710669181
-0.000198389835382
-0.000034120795550
-0.000063373806181
-0.000243372345308
-0.000408654540194
-0.000377785996770
-0.000092228179594
0.000263769948123
0.000475659268639
0.000565991295557
0.000608885679537
0.000503149836077
0.000155783232527
-0.000289923414445
-0.000521818412437
-0.000363478544637
0.000000794538118
0.000199520512058
0.000090320477362
-0.000086399482133
-0.000064870385546
0.000087573976948
0.000150771289509
0.000041887695507
-0.000228626430528
-0.000672712975223
-0.001385213086776
-0.002632699341132
-0.004675821556149
-0.007324398383346
-0.010025850389844
-0.012476420619773
-0.014760871405493
-0.017052341102835
-0.019479114942237
-0.022135492373475
-0.025232865006083
-0.029342366626082
-0.035248252171463
-0.043364953704585
-0.053397982830775
-0.064481046518849
-0.075363476108146
-0.084656567470919
-0.091287072539506
-0.094829369304511
-0.095481933007065
-0.093638745359547
-0.089060151959105
-0.080151050462739
-0.064257352189322
-0.039084156500493
-0.003960108031266
0.040174497814327
0.091749682623812
0.149583358954777
0.213106449030684
0.281353270699823
0.351405916428163
0.417406520744252
0.470278407134288
0.498092058174819
0.487885777834009
0.429585909199545
0.320906950417308
0.170376472784563
-0.004273669031650
-0.182532019571647
-0.348603590538680
-0.494280860604131
-0.614872229154721
-0.702697921251044
-0.745215869806808
-0.729785886872383
-0.651263075955332
-0.516988068626402
-0.344919938150020
-0.155446152625194
0.037043686138431
0.227300785344701
0.416179524379333
0.603558176847625
0.780522232320474
0.924424927567243
1.000322690041672
0.971098948366704
0.814180417465564
0.536809823773525
0.180327628065786
-0.190771606626748
-0.510277289185617
-0.730655987874189
-0.831872727034037
-0.817182074525608
-0.703251504186502
-0.512563831849152
-0.271321177831449
-0.012076984352005
0.223118430887315
0.385922895359848
0.434701391901364
0.351577321481851
0.153639459127784
-0.107554676667568
-0.359389998935879
-0.531112912363383
-0.577677440778889
-0.495742810049015
-0.326223125481931
-0.139619002589147
-0.006906214200032
0.030261348852992
-0.023290752716338
-0.116489195235628
-0.173370265802810
-0.131392178538376
0.027480980882486
0.275876712721623
0.565654062747734
0.854434774899465
1.114909672426641
1.324043750589350
1.445331730120468
1.423051514541149
1.198148467918676
0.739770077143228
0.074286002846413
-0.708255755274140
-1.475602727320442
-2.090033243568337
-2.444669988419053
-2.488521793397638
-2.232163801674437
-1.733796248866555
-1.076413798319348
-0.347652070373873
0.373022952273206
1.020056423665261
1.542714836143722
1.902916661837695
2.071500447075737
2.026405642327832
1.757405859401973
1.278647880527733
0.640901098619082
-0.068812879236532
-0.742477240123505
-1.273568715687137
-1.579734086844793
-1.620625185838270
-1.405600586979097
-0.987800202037829
-0.446609948427915
0.132834854419923
0.673217659057054
1.107949108483550
1.377892976010365
1.431695442575196
1.238248830614722
0.809739265137768
0.220523534222282
-0.397826399015635
-0.893711156377412
-1.149406289662201
-1.120451314275281
-0.840504170275385
-0.397412447741475
0.099222762944409
0.542184506522931
0.839343729548251
0.923282677706418
0.764955766403077
0.388755816566101
-0.121451277944367
-0.636512673796740
-1.017876072595910
-1.162121469789521
-1.035293537171243
-0.682800683467000
-0.210638500342569
0.252498702883563
0.594410085252076
0.745365792274443
0.685096163628370
0.435592664058393
0.051033017834436
-0.388962616217239
-0.787819862986076
-1.049850506920815
-1.105123187012763
-0.930224468273656
-0.554031553205120
-0.044930307348586
0.512568923886021
1.037712645744701
1.462829687083988
1.736355024730495
1.825408452095047
1.718770235842615
1.428367680364586
0.987176227164525
0.444797963886079
-0.135617101658261
-0.680566163964587
-1.115573575574741
-1.382172164566776
-1.454498615815568
-1.344486092112589
-1.092633125502479
-0.752637289836240
-0.382085783173651
-0.042382405470777
0.203492621716020
0.307235871747033
0.258864519392281
0.096965578940684
-0.105981615372034
-0.273913089082329
-0.353431520067941
-0.322111474891752
-0.180291973608245
0.059708007209384
0.374646888478821
0.723131715659372
1.043253388961907
1.264774172964342
1.330673905959818
1.214839750629033
0.928451036859665
0.515861890302249
0.043404914415216
-0.415115999681344
-0.792978312630038
-1.044255761386240
-1.155766719675578
-1.152643553437463
-1.090674425333871
-1.032682070409060
-1.017391554000025
-1.039221913627805
-1.053647932381857
-1.003960691498399
-0.850074244161725
-0.584880225965193
-0.237042080981664
0.137275437611398
0.473590921735529
0.724162377821645
0.875760411040349
0.949354867455939
0.983241674556731
1.011928798175370
1.053195836955334
1.106988689276962
1.161497139165524
1.198297799517306
1.192174768415972
1.110012370414747
0.916791251633102
0.590704149664266
0.140406211172034
-0.385896007977159
-0.905843964576010
-1.322224827021235
-1.549534808501615
-1.538218863350062
-1.288686361385238
-0.851842471978190
-0.316766895286623
0.210647813539957
0.631599022746466
0.874609657198356
0.908773834100807
0.748378891215602
0.446991173644464
0.081244142722945
-0.270417151809616
-0.546952928110343
-0.716987082793993
-0.781702301794972
-0.769165046404619
-0.722518355415899
-0.683108302287490
-0.672449639445365
-0.681825330109193
-0.674822528338285
-0.601428316654096
-0.420368654158407
-0.123307749182556
0.251703011726598
0.629474530833628
0.928680625160598
1.097560551968275
1.133107955929904
1.075576858029275
0.985830171834289
0.917492531043254
0.894642805117564
0.903686282173811
0.901651361904305
0.836162470910266
0.669988356029935
0.401632135547447
0.070676609769801
-0.259118426115311
-0.530599695595742
-0.717412432655460
-0.827871897393426
-0.891958493022292
-0.942252911661684
-0.996149269659373
-1.045272379874456
-1.058760665145050
-1.000543486677157
-0.850318526634476
-0.615069374413115
-0.325643171056808
-0.024952322384740
0.241904543340578
0.433953074982743
0.522739604913700
0.504594595229934
0.408380029350358
0.286973871987780
0.192684488756367
0.152159988221956
0.158018461740254
0.181479403508336
0.194026345697321
0.181219451511170
0.142398992207221
0.082715637591861
0.006589978192413
-0.082888034750457
-0.179635885234681
-0.270363569054874
-0.334830393379369
-0.349722688600034
-0.293176191304927
-0.150523299671891
0.077050992705980
0.364549310458783
0.663569315986577
0.914841377749218
1.067367370364594
1.091939746189908
0.980945871834168
0.739403590730462
0.379367810799028
-0.076332152463227
-0.585611101813183
-1.083695326491825
-1.491964005778919
-1.738001105845507
-1.778058181186383
-1.611142175067640
-1.278077638045595
-0.846953240134561
-0.392964124419285
0.019376119491743
0.347973314017061
0.578022061112214
0.720452754881023
0.805864284021344
0.875971606757145
0.972269666330845
1.121045256529904
1.318600914660335
1.524658619529085
1.670034895436911
1.678915334991117
1.497536570994388
1.115069670471322
0.567440921313522
-0.074264472664702
-0.723367903042811
-1.297659613062729
-1.734466839945904
-1.997909236062964
-2.077821670867174
-1.981821241142850
-1.724941298692927
-1.324043577788317
-0.801813713926683
-0.196156189489742
0.435653304188862
1.024677893323741
1.506041218419763
1.831755717578100
1.972962093520806
1.914738704581736
1.653688653679553
1.204535699744528
0.612138284510979
-0.042099474133993
-0.651565104249889
-1.116904237716218
-1.385026208348864
-1.468362747881790
-1.429579903423952
-1.342238677734165
-1.252650059290247
-1.164197641493026
-1.048621494506532
-0.871729626472175
-0.617472728986707
-0.300184273752971
0.039681125902597
0.353009567881773
0.601201716090551
0.765572614383081
0.844616179947669
0.846081631575410
0.780280827627695
0.657027536614437
0.488385202749204
0.295130122138467
0.108337964422671
-0.039007893663977
-0.125988553746277
-0.154687158510316
-0.149662573115724
-0.142495780235194
-0.149882435757702
-0.160846409455673
-0.142236644852884
-0.058991876418960
0.103050479717281
0.324391037755520
0.555829821927605
0.736808958834242
0.818274239151623
0.779369258564796
0.632300928929724
0.416046777745346
0.182917659868696
-0.017829044137788
-0.154263491778159
-0.218171767174069
-0.221886442996308
-0.189729961711169
-0.148526229942720
-0.119190850417701
-0.111938695564641
-0.127586812126346
-0.162986743339960
-0.214415360552305
-0.275487545348606
-0.333598285008868
-0.371605848840324
-0.375798827360736
-0.343670865352226
-0.284311994629450
-0.210614800728185
-0.129140990645656
-0.036169757846169
0.074699153128282
0.197665380542102
0.305923035759183
0.359601711130627
0.327062572576778
0.204539819246921
0.020472212887261
-0.176866804615897
-0.338143294513295
-0.426835621484311
-0.424565315312050
-0.331639938206074
-0.166601124029448
0.036855018115928
0.238424117748630
0.403483856236513
0.512943103753321
0.564106656798667
0.562740433529590
0.514678653293688
0.424064943945252
0.297351369904751
0.147419381468528
-0.007226933193973
-0.149110688716582
-0.270194820508064
-0.375403025776353
-0.476561047960430
-0.579140948136404
-0.670649669979759
-0.719317622818951
-0.686593210326698
-0.548800181554867
-0.316515782467192
-0.041205498975598
0.196587643260863
0.317491337048725
0.280552657682785
0.106805812364082
-0.125649128235777
-0.313637077994967
-0.372304623799694
-0.268763501126558
-0.031831899260620
0.261974987516768
0.517434291687910
0.654486823623384
0.635671240623225
0.476350303272672
0.234152070234446
-0.015567491692758
-0.206244521933615
-0.299240512740311
-0.291311975916657
-0.210653085681746
-0.105075266890482
-0.025439503279212
-0.006441971080701
-0.050530066322853
-0.124200197251718
-0.172159622124410
-0.144952373558604
-0.025701038019779
0.160265709003141
0.358552512848858
0.511781613542671
0.582378032284841
0.562635320363516
0.472636133688952
0.350286891240573
0.237045650827942
0.162994864894339
0.136206096514166
0.142286239184879
0.156473906068607
0.160712911572002
0.152024031688671
0.136074405285380
0.113825602498350
0.075117119170550
0.005627325877224
-0.099537811905772
-0.228222178599748
-0.355443419662314
-0.454466687352757
-0.507017562628301
-0.509903494441151
-0.477698681044027
-0.439730063400536
-0.430086109473533
-0.472788753550082
-0.568396452451055
-0.689032992813628
-0.784365682390091
-0.796531372557473
-0.679962795914152
-0.419771926561599
-0.041238595282001
0.394506454600835
0.808160393097724
1.125855560916192
1.297290354481651
1.301725321611388
1.144560302247286
0.851400332369519
0.463394550553024
0.032540489722343
-0.385431118332516
-0.739501667836864
-0.990022392099046
-1.112386613506875
-1.098409388327985
-0.955779824013062
-0.705492676438379
-0.377621054362233
-0.005951296747492
0.376796569076616
0.739288908801889
1.046651634844652
1.257844094841478
1.334377796249157
1.258238708646715
1.044650938185955
0.736840411191750
0.385242819073113
0.027254110419898
-0.317968370240623
-0.639490623094162
-0.921477519045239
-1.138306192799484
-1.259802940812598
-1.261103636213864
-1.131050761362151
-0.876646294556459
-0.523480493737014
-0.112758023161624
0.303830030308592
0.671241258336556
0.941360855638425
1.085117186653440
1.100430707459931
1.009647815088030
0.847114234133205
0.644738526159276
0.423617713830577
0.195099570712027
-0.031495007278655
-0.242337243291375
-0.419798882726588
-0.548859949149304
-0.623684993985127
-0.650017193101694
-0.640955838625958
-0.606443638669147
-0.541344367179693
-0.421198637657660
-0.213880395117416
0.094319476378798
0.473631338486978
0.847189686900971
1.116439503607610
1.202066011378737
1.076879126507103
0.773703888447894
0.366168615624432
-0.065347666277403
-0.463235980034534
-0.802445085858716
-1.079066247294800
-1.290360409348408
-1.422018600694367
-1.450337546842492
-1.356267790242847
-1.141151504381732
-0.832730611828239
-0.475648869359621
-0.112153776066028
0.232599171426940
0.550063591228768
0.834489135525666
1.067615644854705
1.215420922622013
1.242538823138247
1.136294078402529
0.922617085271626
0.659654184777193
0.411245186627833
0.217949650833519
0.084220800941933
-0.012902264463052
-0.103679447318762
-0.209040979800579
-0.334446371414173
-0.471440790015932
-0.601421093948357
-0.699303811944735
-0.738471073744060
-0.698494900713080
-0.573517716710365
-0.376292737663404
-0.135077353555067
0.114837025655547
0.340750079045401
0.518332361864692
0.630880883009097
0.665490370632859
0.612149773622325
0.468464607550173
0.248134584939055
-0.013441796133413
-0.264576690454283
-0.454662501028792
-0.553781544337666
-0.561620001533899
-0.499492296809755
-0.391039872244767
-0.246347342728238
-0.062461998572343
0.160138658679830
0.399347004123525
0.607466399537845
0.727017044173479
0.718358013608464
0.582882962284651
0.366244022989075
0.137284232688751
-0.044383787364418
-0.150801276395548
-0.186365966518125
-0.172165221739247
-0.128033322776507
-0.063382681581295
0.020389314771211
0.120872712706507
0.227769159198883
0.323851859515056
0.392044685065361
0.422351927239521
0.413780629785560
0.370552024811505
0.295177573984937
0.183119622736438
0.024333147510953
-0.186565225379311
-0.437400631354199
-0.693835115593894
-0.909082584915907
-1.042211877742669
-1.072995036963134
-1.005553780225648
-0.861382387267444
-0.667520771930266
-0.446930772466733
-0.215717432124658
0.013700912510139
0.228399908721487
0.413789144872938
0.555786677511361
0.644249268210222
0.675826574407974
0.654702447389577
0.590082472856345
0.492123934904061
0.370695788506023
0.238702045306290
0.114704535118354
0.017853018328991
-0.042950204990117
-0.075146038212997
-0.097070554364479
-0.124884247848180
-0.161482339236289
-0.194528079019296
-0.204881777075950
-0.181233450617887
-0.132359623833320
-0.087545669870333
-0.082182084960629
-0.136578294020019
-0.241394080935864
-0.357693829109879
-0.430295240349176
-0.407628419572961
-0.260427938638156
0.006689424696530
0.353575724758349
0.712617957901312
1.004754945916546
1.160749589268619
1.142260516371622
0.954117468286157
0.640872873125731
0.268329640687000
-0.100359170419999
-0.421667930282630
-0.676119857135929
-0.863029316107639
-0.990960458374493
-1.068625261214308
-1.099863099357992
-1.083374979141161
-1.015176276873496
-0.892261764109409
-0.717107957925195
-0.500819824629736
-0.261320025850608
-0.016844257123052
0.219807707651975
0.441701093354817
0.644648113635218
0.825501443999017
0.982547570307902
1.114678554792911
1.218003075618842
1.281766325068686
1.286719590764207
1.208682942934417
1.027146466070450
0.735035406125994
0.344715746359901
-0.112025070416116
-0.588553683690740
-1.029854172480356
-1.379983889586077
-1.591319750380305
-1.635149187289171
-1.509966447348253
-1.242712396405312
-0.881227773709843
-0.480969787120011
-0.092337851483357
0.245948239608450
0.507710816307839
0.678717071257072
0.756948908313866
0.752885058351277
0.687691864301104
0.588266991666623
0.480804223595062
0.385810690771883
0.315633218927684
0.272848394102466
0.248496718167485
0.222052295648240
0.165901376652422
0.055245840440505
-0.119316141094389
-0.342286186443600
-0.572459100654501
-0.753548323948932
-0.833804295796411
-0.786019158412242
-0.617099977421785
-0.362122825727986
-0.067493263457375
0.226643514947698
0.495612499494134
0.727376124520423
0.912235091615798
1.034854843853783
1.074459036169005
1.011076865299658
0.833265974503652
0.544855751223818
0.169806530470405
-0.246185674341557
-0.641139901473084
-0.951687761706156
-1.131345377990953
-1.161468854671773
-1.050492686105403
-0.826161550988300
-0.528301043375744
-0.204786340086386
0.093401424050380
0.322317569025654
0.457249735753905
0.497751455912358
0.460139000486739
0.363808024757824
0.225040525211621
0.064294812135943
-0.083013181166978
-0.167788678725309
-0.145114901766268
0.001903086289631
0.247963361296690
0.529890819391520
0.767796818188313
0.892937178844433
0.868340074566173
0.694007256025240
0.399942020318949
0.035005125928262
-0.343894167955364
-0.681018668321904
-0.929280403453948
-1.056933952044371
-1.053918186573867
-0.935506561219214
-0.738778762348442
-0.509967580113809
-0.288152471496226
-0.094994000404160
0.064264749459686
0.191778432202708
0.288354729543405
0.350682036391104
0.373719992543331
0.354590658374609
0.295429499029501
0.204261540550422
0.094257478612227
-0.018513895343312
-0.119659640554248
-0.201437096898220
-0.262771827464328
-0.302574096671632
-0.312415462492116
-0.277208340203176
-0.186182043572159
-0.046412575991479
0.112618215324354
0.248644502194510
0.325074292224598
0.327062126305339
0.267312449834463
0.181132781221090
0.114271227049529
0.107718130063386
0.182961177235008
0.330899280696333
0.509278123232562
0.653011682716516
0.695806748652818
0.594185472836114
0.343294510750180
-0.020611544885388
-0.430404050179504
-0.807710526694528
-1.085580640863363
-1.226181564560918
-1.227326195148951
-1.115415418737732
-0.929170713381967
-0.703745304271406
-0.461924172728356
-0.214264606265762
0.032947748898601
0.268395334368766
0.474089507120092
0.633432999082551
0.741756610494029
0.810533796582666
0.861509034005767
0.912710060169016
0.963781088446567
0.991159621686409
0.958513521736236
0.837256256626739
0.625019011172780
0.350799409263267
0.063829387958296
-0.186259439627107
-0.366571575492877
-0.468521796011698
-0.505088694679024
-0.500449475525041
-0.477109899226786
-0.446733732220108
-0.407693079954140
-0.348222670565294
-0.254268195851351
-0.121087159860061
0.036846259026293
0.185122952356185
0.280369583408521
0.287914033707316
0.196165039570913
0.019743568977686
-0.207853577450529
-0.444947734916898
-0.650041279274428
-0.787297317412421
-0.831514297765751
-0.773286859167085
-0.621567917952339
-0.400168132926970
-0.138785436270198
0.135569148343657
0.400959239716217
0.637094009840888
0.822081397555951
0.934819544244143
0.962268227926221
0.905349853576169
0.778861134037068
0.606575322488300
0.415551126505315
0.232803175544493
0.084211083612316
-0.008521431016635
-0.035964487755868
-0.009481980432118
0.039101450877137
0.069606396248221
0.049762568000998
-0.034752329529814
-0.180526976577564
-0.373200642974904
-0.593936223859079
-0.820995394876580
-1.027820003493796
-1.183111308997911
-1.255848948616459
-1.223213903301871
-1.077687068852238
-0.830079957522908
-0.507290512863299
-0.146868865526480
0.209438947544135
0.523178735616919
0.766537458788678
0.925956290819122
0.999928415180622
0.993448016048342
0.914382204641909
0.774728223873445
0.594239302322783
0.400806726442119
0.224409914477606
0.087122761978138
-0.004704015899150
-0.061257963210373
-0.102864221112815
-0.149990721447167
-0.213858251740802
-0.290365707959454
-0.358891034999272
-0.387698267099977
-0.345999734069390
-0.217830253763566
-0.011240402252498
0.240347782448038
0.485282606073697
0.668354681544101
0.748051885624342
0.708152235487879
0.558080352196814
0.324004286424707
0.038331961254096
-0.266128560544607
-0.557933180710797
-0.808952046699313
-0.997003942640584
-1.106357288457981
-1.126120508279276
-1.049846061983031
-0.878771588166897
-0.627467530801277
-0.326237242701865
-0.014412548821986
0.273643777156986
0.519621006978763
0.719919778303959
0.872951797137725
0.967083186121435
0.981395201432395
0.900586413771346
0.733124680033305
0.517455115820123
0.308683179703220
0.153470667426027
0.070621927112630
0.048814367752633
0.058188543059611
0.064515222778824
0.038117674611421
-0.042281998190292
-0.186305358624364
-0.386843257889309
-0.615628509272373
-0.824995314948789
-0.959880916646640
-0.977842922613403
-0.867980372161189
-0.657880121433216
-0.403358520328560
-0.165106571825585
0.016309344167098
0.134018994151678
0.210473179791551
0.279518093173934
0.365887292669839
0.472371178304008
0.579889315301549
0.659250359410323
0.687602571041603
0.660109332792273
0.590442529294113
0.501337850973839
0.413176628006174
0.337975895393306
0.279859705769046
0.238111261015517
0.208427000569268
0.181380557776295
0.141215055739580
0.069331591935224
-0.046141703047135
-0.199621003630846
-0.365105121994126
-0.505383369266688
-0.587584463210941
-0.594145724055523
-0.524205355877794
-0.389747869595098
-0.212527326812861
-0.022288965480371
0.146753335669240
0.261822205829231
0.297159383235959
0.237472117422998
0.080536308394297
-0.159694167805084
-0.451588568054711
-0.750064862629606
-1.007148056209795
-1.182991254838249
-1.250010574226165
-1.190024499277894
-0.992473471914726
-0.660740998834396
-0.223593226785157
0.260129077618775
0.713121723047206
1.064192906191450
1.271097843499474
1.328193703986937
1.258172794515025
1.098136185508367
0.889256247907503
0.671147847318493
0.477611398641613
0.332033738525356
0.243834382430102
0.208433683218823
0.211340924952032
0.233524991036133
0.254503687461191
0.253054506384126
0.208720072959165
0.106467912448576
-0.057054292762278
-0.270415530623799
-0.510628047547458
-0.750128784415320
-0.961594635311734
-1.118133541327190
-1.192527965844030
-1.160779567256772
-1.011352012834631
-0.755734747767200
-0.431571968249077
-0.092707640597409
0.208030866341256
0.430631525696693
0.549187813569957
0.549734945897763
0.433322658359458
0.223982333683045
-0.027491307365897
-0.252643491293294
-0.386576840085918
-0.390740805782343
-0.265233363065746
-0.045641245316359
0.211615284465596
0.447648939870156
0.616899519239138
0.696686013391481
0.688509587473605
0.611420682796382
0.491632191217006
0.354176250313620
0.219393821291376
0.102994521167471
0.017044036042761
-0.029901901933047
-0.034029396422794
0.001796966628433
0.066517499713010
0.140881198358689
0.200828411410172
0.225092987776059
0.203180182880061
0.137777226751788
0.040247702023354
-0.076629297941792
-0.203402448076535
-0.333949578092731
-0.462550813581095
-0.580821783157748
-0.675735095910546
-0.729551550653418
-0.723202149400171
-0.643974398713175
-0.494841170155768
-0.298706166815619
-0.092255034506639
0.088295626045703
0.221291664685522
0.306180237638237
0.360224762354618
0.407688251008118
0.466153027305060
0.535968653410434
0.597910583280866
0.619936951109764
0.569865202270747
0.429411367836650
0.204656628995585
-0.071777237658833
-0.348550303047333
-0.570437748133370
-0.694083224973119
-0.698452506552604
-0.587460291017881
-0.387224829728037
-0.140959829532891
0.098727541816066
0.281454580028498
0.372977764910708
0.365599817194817
0.278715962141883
0.148713187250551
0.014281251925882
-0.095142378656794
-0.163973463911291
-0.189754211159828
-0.180873549653673
-0.153501280429813
-0.125715141425703
-0.109291820794608
-0.103443709130932
-0.094602292945178
-0.063010716579921
0.006846899437123
0.117470466450468
0.256224890269147
0.400861443481341
0.528984747432818
0.626175832001528
0.688853390157145
0.720072717910477
0.720100083903510
0.678697830982711
0.577209835853485
0.401609439660583
0.157711449277228
-0.123516345518350
-0.395646193064237
-0.615490451720333
-0.759202016235588
-0.827373061168742
-0.838300265469673
-0.814892222175825
-0.772415358951406
-0.712163187281504
-0.623650992115946
-0.495180532944315
-0.327266212029586
-0.138889423420707
0.039798159163304
0.183589526685575
0.284469174897669
0.350538804232669
0.393398502241403
0.415254238584491
0.406687147622068
0.355635816559336
0.258129044969362
0.122283892402537
-0.034064207395149
-0.186949686798986
-0.309220940784309
-0.375275577052961
-0.369387202304782
-0.294456981201182
-0.173575781524847
-0.040058832189752
0.077953753545743
0.166875907398528
0.225782646727805
0.257816099095064
0.263670402463616
0.242271186120552
0.196209467919611
0.135659503105833
0.077125421215481
0.038119784421836
0.031494186860091
0.062183955389146
0.126711381471674
0.215150998506122
0.315273381855975
0.417334481925605
0.517248887708368
0.616334630916697
0.716596431645634
0.812920335594481
0.886979728425993
0.908569283788549
0.846453654493322
0.683705396829481
0.428094156055912
0.111289679559049
-0.222566401234748
-0.532727978825371
-0.793386517145731
-0.995405977255271
-1.140246270821203
-1.232660161278021
-1.276937148963558
-1.276708098621377
-1.235681354368336
-1.157766312176984
-1.046927324528000
-0.907181459546431
-0.742167158126061
-0.553332706599388
-0.338392049866220
-0.094663630792954
0.171696395582519
0.437043462222813
0.660884947298172
0.798700299131818
0.820442649146737
0.723321976111724
0.531418992205425
0.283637949125812
0.018857000865605
-0.231564237033431
-0.440372414551604
-0.577431056196686
-0.611219984113792
-0.522693764498099
-0.321425909939649
-0.049312695801427
0.233114134249108
0.470034770647380
0.630876206076044
0.717806800746425
0.756798227493109
0.778295229343856
0.799201921043339
0.815516268622637
0.807685005172885
0.753647395162795
0.640960217847498
0.472033979223140
0.262113511816552
0.032657334971772
-0.195916154003546
-0.407708674072975
-0.589201287356145
-0.724475219253229
-0.793383406286495
-0.775742092257433
-0.659899735036124
-0.450566668577254
-0.170653138672180
0.143823102124686
0.451986342585992
0.714986652269103
0.899780758460165
0.981554292085194
0.947604638914787
0.802893847972574
0.573175125541545
0.300017482578522
0.027401167564572
-0.212044130220771
-0.402798928411121
-0.543871456723679
-0.643565667211371
-0.716674813514424
-0.783700511772138
-0.867492008108157
-0.984794162100479
-1.135374476964949
-1.295289807094329
-1.421343219055154
-1.466976745277231
-1.401003254725866
-1.219380514397885
-0.943727309458349
-0.606477677806436
-0.232041471523899
0.172174983901330
0.608584537768993
1.073339764598076
1.543956248952988
1.978508161213060
2.326942692057853
2.547593558325609
2.618797665565595
2.540389710610373
2.326868067871870
1.997263907172541
1.568853827776927
1.060379830386376
0.501044104090088
-0.064834658054667
-0.583031959696401
-1.002473141374500
-1.289743423496419
-1.437593921900959
-1.464265463264620
-1.407533203081553
-1.318109877147345
-1.251030867793030
-1.252621492967782
-1.347583106772933
-1.533061790736875
-1.781127062084499
-2.047110433210787
-2.280598832116513
-2.436184927201033
-2.482000248472005
-2.404921592899500
-2.210837255338266
-1.917902947788910
-1.545843872311760
-1.110010313464767
-0.624892733762711
-0.113223523962464
0.388582193331656
0.835727940045126
1.187432598173358
1.416124957543963
1.508600373726335
1.463223907548329
1.290182965839323
1.016281104363619
0.687819366492691
0.364440201940581
0.104342091887750
-0.051745319373729
-0.090536896748091
-0.027757994350499
0.097404490996107
0.233687894429187
0.333162327875433
0.365177583662348
0.322296774576241
0.216475964839412
0.070353194957125
-0.089097552498011
-0.232054221327571
-0.325545451419873
-0.335546248330427
-0.234449877995846
-0.012487216482635
0.314433260232442
0.707567573683276
1.117115243186600
1.495006952008367
1.804127907936576
2.023668404183704
2.150462557303694
2.195687293098114
2.177454022672737
2.112260739473956
2.009029423361373
1.869384894567535
1.695778440022948
1.501456558104883
1.310891311174112
1.145911731670178
1.006857110441428
0.864339528408255
0.669125026326997
0.373764234987897
-0.048216515674259
-0.594512867230424
-1.235814380753013
-1.921695683559080
-2.588164908510141
-3.168094710738683
-3.604942647062496
-3.865343128135385
-3.944398256645909
-3.860356360622562
-3.640696918021670
-3.306692296347817
-2.865127099644860
-2.311289849769051
-1.639006021963880
-0.851243418382134
0.033150699700110
0.980220457984942
1.946976642646998
2.884587275703482
3.735625592759063
4.430848247486725
4.892002096741674
5.043450914170202
4.830619220656812
4.239245110554128
3.307465480980986
2.123198920901616
0.805545428659675
-0.520986251725346
-1.745444557063470
-2.776107870013498
-3.537621894876238
-3.967377233222059
-4.017983416357660
-3.667801581690951
-2.935951508089593
-1.892288646492851
-0.647939940973962
0.673819035692046
1.968362075634511
3.165645853436055
4.226807647789669
5.129636753709852
5.855068035525849
6.380874185118969
6.686734447471461
6.769413030781386
6.651534595293940
6.373450759121307
5.978497650887904
5.500683419057278
4.953134623921306
4.321456844291985
3.578544772878735
2.716601049450835
1.761287109774122
0.752233395948390
-0.289331623762265
-1.374877718824734
-2.531775355773215
-3.775018693411108
-5.088519241987164
-6.419184449713656
-7.691234447300368
-8.836624137205249
-9.813333808915054
-10.601169040138373
-11.188494491488443
-11.555884734416539
-11.657871361061860
-11.418003203598852
-10.754630324077866
-9.622594069535857
-8.035520107265427
-6.059885832652775
-3.796716759158338
-1.360833762042865
1.137573750701768
3.600086550038675
5.936751013877965
8.065965837894725
9.920486943950609
11.448558272444707
12.605003744910611
13.338456666196729
13.584713300228227
13.273386149496227
12.348500337598406
10.794791477084370
8.656593105016588
6.041223207635880
3.105581140057839
0.028820321721068
-3.016865761075402
-5.878971004267918
-8.420113425309292
-10.514150015293179
-12.049852472969407
-12.938296385924493
-13.123329002631547
-12.594259452930224
-11.399852504344636
-9.654313109665113
-7.519722928159549
-5.171569506745000
-2.771087984929880
-0.453149823740064
1.671178310068504
3.502697048400965
4.959221287703410
6.005208289430183
6.662777844485291
6.980986633818847
6.997785341045091
6.729520382281207
6.185670839415796
5.391130836041042
4.405212943867084
3.320516669793805
2.233936574466442
1.219450081539414
0.323629358244227
-0.433774970246871
-1.065662757459098
-1.616517610372511
-2.142602351827411
-2.680253361588650
-3.221469369781562
-3.710049253538451
-4.055644261160735
-4.156666964302389
-3.927143646353437
-3.325105767240864
-2.373444711875241
-1.158147926322932
0.192485058326744
1.529761612219569
2.709192104010756
3.620484711830652
4.204322344025709
4.446697969593036
4.363663150729937
3.990075613858940
3.376902044523577
2.592371661604474
1.716552976050074
0.826180792375551
-0.021679273875695
-0.798836640645509
-1.506787822279552
-2.169792612507371
-2.819231936103983
-3.472202767065901
-4.116370964725657
-4.708708218336736
-5.181411122512497
-5.450831291304771
-5.433122043124889
-5.065799102920169
-4.331517627688516
-3.275127161524846
-2.000047062620566
-0.644032113273208
0.653462077117165
1.781855060895693
2.675376241677726
3.306622587791851
3.670465177595166
3.775438739900997
3.641438072782323
3.298709989538599
2.791280095665052
2.181927128402678
1.550993606242999
0.987871703472793
0.574896554014874
0.363593248321213
0.354606783975134
0.495858086802070
0.701044512371575
0.880316974179347
0.969955173852304
0.947655153854258
0.829512725538616
0.657552817783767
0.486467848573034
0.367087750510350
0.325654156215384
0.350913050442597
0.400360337720320
0.422370673928355
0.381484618448661
0.272768628612632
0.118278409443470
-0.046357528286874
-0.185429111319840
-0.276433191691660
-0.319124208336411
-0.331953468448916
-0.340006838455262
-0.365156369727231
-0.420535205941599
-0.507709207857578
-0.616864786791726
-0.729396648021779
-0.822106360435299
-0.873837385028967
-0.873543024843135
-0.824764882152321
-0.744204094155209
-0.657015918308054
-0.588978356095812
-0.555608108758079
-0.555223327191250
-0.572409427971112
-0.589521364103354
-0.599191924114101
-0.610880232292620
-0.644968848393002
-0.715472416429606
-0.815538920003819
-0.917939925897695
-0.987091080807529
-0.990775512211890
-0.904594933565871
-0.712514273218643
-0.407849978190338
0.007036916041130
0.524021783035248
1.132321100526281
1.815209613646499
2.539987030093490
3.251753615345600
3.881310549494171
4.363637949855967
4.654611975491722
4.738523313388689
4.623965397586860
4.329705076001118
3.869620767326195
3.246782456272208
2.459646649143644
1.514784851317687
0.436741109572844
-0.729345500408437
-1.920773978909015
-3.063419669333374
-4.077573537504482
-4.882103525989434
-5.402849154104223
-5.590498861910284
-5.440933331246033
-5.005449171379539
-4.383575057940183
-3.696250674204149
-3.047812390839111
-2.496612849741005
-2.047449055865218
-1.666202018210026
-1.310327408092660
-0.958537603048631
-0.618408393303573
-0.308376463334630
-0.032760447885229
0.230282325223523
0.519789980636273
0.866678231157583
1.268701799080618
1.684444823165190
2.052114158982538
2.320010886628322
2.467876677600242
2.507979686881495
2.469139623514955
2.375674107625727
2.235255147007181
2.042682256543273
1.791696276317931
1.480472580493853
1.109344979543245
0.679846574320314
0.196960882155220
-0.329109865680858
-0.880780247974114
-1.429506517942404
-1.935433062256493
-2.354555189681206
-2.651953904583966
-2.815176379161574
-2.857649817587106
-2.804221630551138
-2.667351725542774
-2.435622329685780
-2.084837164894717
-1.600722552022941
-0.996862939457145
-0.318935871471645
0.365765497230914
0.988267224704689
1.497853908476472
1.870943596196256
2.104597399188884
2.204128627772771
2.177138562472853
2.035813769717927
1.802352420092936
1.512733231794213
1.215060163579023
0.961576729398141
0.797076030652277
0.746599051977128
0.806907949330411
0.948390677899171
1.128392020789175
1.308280079085339
1.464109797859190
1.585278544115692
1.664776516284683
1.691691003887424
1.653282839416511
1.543451976107097
1.369252852212176
1.151090254342227
0.916215381482014
0.687255864562954
0.471793842796885
0.259545418453560
0.028828406994367
-0.240449752509950
-0.552477975900596
-0.885294812883491
-1.189447629133808
-1.399044753998589
-1.453961543875213
-1.324487477428716
-1.025918907931497
-0.616966719374526
-0.184179141465466
0.182252033780301
0.412814638962951
0.473957462821709
0.369225131451856
0.128374358532399
-0.206525791454558
-0.591409762629848
-0.985275306071052
-1.349149818339022
-1.643764370830973
-1.833462471967009
-1.894377898761995
-1.818951389688948
-1.614691911280922
-1.301017701320001
-0.907702401984355
-0.473243512986809
-0.038628261880577
0.361847070234874
0.706832911702868
0.988795717804042
1.208858448825961
1.367254867662321
1.456990143777786
1.467351896366802
1.392588618076872
1.237201991906407
1.017961596014985
0.763396289381945
0.506701581553301
0.274483616226283
0.079736131592479
-0.078741493289044
-0.213096054121084
-0.339418651183022
-0.468917924155480
-0.602781831612713
-0.732625997324827
-0.844149915010951
-0.921405018339205
-0.951190403580346
-0.927111889176795
-0.849921390829870
-0.724091714261951
-0.555608460222480
-0.351787387626839
-0.121102876418899
0.125581013222892
0.373641808327310
0.607794627111853
0.817325083392311
0.996920329414102
1.142784016123711
1.248418034068622
1.302899474834144
1.292031002101277
1.202254065306815
1.027182994845262
0.774595539797087
0.468678726151336
0.144341271947880
-0.162928462990168
-0.427113078948717
-0.639833277395790
-0.813470006106335
-0.975961869328229
-1.158096418482577
-1.378664182776279
-1.635711670295600
-1.909177544510239
-2.171671666932493
-2.398181481329120
-2.568845124045021
-2.666736269846194
-2.674921019457099
-2.575282525587494
-2.350030923548295
-1.985075408738620
-1.474696505552685
-0.827807543694503
-0.073107392535232
0.742225864378026
1.561426190395677
2.329270257492233
2.999399445170244
3.535031924767525
3.904954399149526
4.080979580659779
4.040225682886567
3.769778619226722
3.271222158237745
2.564376286498947
1.689131475863720
0.703020042721032
-0.326335360394663
-1.330548365673668
-2.246526958111398
-3.016312979148818
-3.583688636304758
-3.896270674608844
-3.917218550934496
-3.639849694344993
-3.095792965085712
-2.353501997887813
-1.508528406557787
-0.666832094635213
0.076328894168576
0.655552873822623
1.044780178251055
1.253605446585349
1.314806642974408
1.270308606610900
1.158277933508862
1.004065163315065
0.820953934991139
0.618653819066663
0.408474334989177
0.201195417111253
0.002537759387378
-0.189290044262864
-0.380333814214290
-0.572323871366176
-0.755722991714005
-0.908986732890940
-1.002737136602168
-1.006923908016003
-0.900227073557903
-0.679324366477754
-0.362366904828533
0.015764511675048
0.411068563595693
0.777097064942233
1.072306927784523
1.267676795977330
1.352525870703933
1.337592344283360
1.253700807738930
1.145203839988783
1.059253916657213
1.033336974700966
1.086041607229038
1.215030060658663
1.399720716402009
1.603584083543520
1.777376614201828
1.868169231188231
1.832343402136724
1.645726538239639
1.307775333939110
0.842121992835716
0.295055437555523
-0.270024161504063
-0.782516710975273
-1.176152840507379
-1.399761474201307
-1.426101408275672
-1.257367514508258
-0.926142808806019
-0.492242596325461
-0.034353610517750
0.365909670371828
0.643661756815250
0.764585670729121
0.726598031196159
0.551175542466968
0.271122278838143
-0.079983292912277
-0.473488452715774
-0.883579412942141
-1.279329455658688
-1.620177224915189
-1.861850297513584
-1.969139828796909
-1.926910042686740
-1.744697610848722
-1.453895546471635
-1.097557586283902
-0.717839181309241
-0.348002362307293
-0.009616956466977
0.286641983531143
0.536569250788691
0.737488309815672
0.887286415548066
0.986701717856502
1.040965072912580
1.058875949235169
1.049404182703200
1.018104714703038
0.967259725618915
0.901210241101429
0.832483469291799
0.780053831946190
0.756537486592583
0.754050452012944
0.742664536404692
0.684377251322768
0.552538444516419
0.344799013219074
0.084736308879361
-0.186012678220854
-0.420910628555598
-0.581908186386813
-0.648680071395319
-0.621760710195225
-0.518476728875647
-0.362837415406493
-0.175027398797980
0.033643705755343
0.258679296003387
0.496277669212890
0.738470609487173
0.972208062140227
1.180941733296868
1.346499685987754
1.450655497269211
1.477407488117553
1.416234221497663
1.263730026825963
1.022754728939661
0.702177068731856
0.317787413574511
-0.107688025813236
-0.545613335503697
-0.963976760867210
-1.331852637716688
-1.623669762328843
-1.822586248917321
-1.923623423475070
-1.934872612053360
-1.875510921862869
-1.771413165523964
-1.649501771370784
-1.533371034648052
-1.442833513909087
-1.396283423853243
-1.410846269319030
-1.495838529264929
-1.642136312839229
-1.817094987474360
-1.972353339799607
-2.061194378078365
-2.054815100999741
-1.949917578017723
-1.766157833765654
-1.536016138029174
-1.292294652089598
-1.057961396131782
-0.841023611335688
-0.635585226329382
-0.428428593552632
-0.208947845969254
0.021288638197767
0.244541690464746
0.431532928835111
0.552659698247056
0.590317523023241
0.546190949287400
0.440230398185650
0.303710575403836
0.171590219109522
0.076621796411056
0.043798210782314
0.084976672996942
0.197521877830860
0.369215397838130
0.586866735476533
0.844111917633479
1.143486703633060
1.490789922110964
1.885772683730764
2.315491647714492
2.753864074879100
3.165784799940234
3.511491954054144
3.750067567486780
3.843336748186924
3.760410015432339
3.484167626266964
3.020797454070830
2.408161932264620
1.714519808465918
1.022937118678234
0.407031776490738
-0.089399815082275
-0.459207578583904
-0.724643638796248
-0.922857588427301
-1.092007270704640
-1.262737331704380
-1.454939796299391
-1.676952184414275
-1.925930376852447
-2.188594772664523
-2.441074293551297
-2.650069717346290
-2.778891932155000
-2.797557761623691
-2.692355236627576
-2.469049931011364
-2.146871841962909
-1.747578939586689
-1.287198366905158
-0.774813771268485
-0.217386744964365
0.374154676724193
0.982186721929195
1.584220876431540
2.156765711877635
2.677996751231189
3.128200206896270
3.488415798931932
3.737813788308726
3.851499027807322
3.801866815650855
3.565462916992715
3.133864042951457
2.523508257245398
1.778117785374600
0.961008730730809
0.141058882384202
-0.620968150475220
-1.281416235954648
-1.816907490845339
-2.221611965072716
-2.498841473539881
-2.650066440904916
-2.669188463545978
-2.548122626770676
-2.290039299355930
-1.920228467802672
-1.487469653428241
-1.055647670115088
-0.689428166168809
-0.438924590723593
-0.328562993398693
-0.353343100850219
-0.482513926862233
-0.669191551694758
-0.863219184924357
-1.022666549444779
-1.119796253145804
-1.140970384452190
-1.082879031768891
-0.947853387355127
-0.741132361253810
-0.472742483842577
-0.162753731087691
0.156354023572178
0.444433094629162
0.662965276740474
0.784214388572955
0.798057983484388
0.715324522964823
0.564890482705872
0.383445557757942
0.202324009819170
0.037751599658971
-0.111707189535074
-0.259598759048300
-0.420833119206662
-0.601946724452233
-0.796757055753092
-0.986988332568397
-1.145566816692623
-1.242423650562712
-1.253342646282405
-1.168199953397758
-0.992690946930259
-0.742968053694920
-0.439025948279118
-0.101748934504174
0.246819622106775
0.582125172011605
0.876505228405971
1.102558052652418
1.241584106624356
1.292549106752313
1.275833292157823
1.229361327971044
1.197093185578226
1.212957794536776
1.287967516523954
1.407323006591034
1.537071676904896
1.635105539727837
1.662518321138753
1.593320584276494
1.419916409722561
1.152726475379428
0.815716120760632
0.440400930526969
0.059532115383528
-0.298964003881937
-0.617009334779854
-0.888691893968588
-1.117843962966793
-1.310808629000752
-1.468146967971859
-1.581124851985147
-1.635803319340454
-1.621324146984022
-1.535902291813869
-1.387441971596012
-1.191106915269503
-0.967512370491862
-0.741554585167613
-0.538105863501917
-0.372637246009821
-0.241133707181414
-0.117452744942276
0.037163036436179
0.255932162288918
0.549427228618958
0.898279215300131
1.257966808694905
1.572785114528013
1.793787460575159
1.894224948826103
1.877648735259756
1.776219220614235
1.638198799741683
1.508191096082500
1.409364857166558
1.337442270078980
1.269794524510842
1.182606100773164
1.063586466186188
0.913230027558771
0.737925255958984
0.542466167636808
0.326441788027678
0.085489428261513
-0.183587527151941
-0.477080766727116
-0.781515688270007
-1.074706351704913
-1.329943066787426
-1.522595444727527
-1.637829827625167
-1.676167835174743
-1.654016643377787
-1.599107138488904
-1.541764325348969
-1.503697421479494
-1.488627504877374
-1.479602767812913
-1.444706601946071
-1.348936862720717
-1.167275156062539
-0.893014207430304
-0.538088266311234
-0.127911381908508
0.304164228193812
0.720476967053286
1.082035855812045
1.353340024173423
1.509477512969201
1.542405536981356
1.462666500059561
1.295045911340913
1.069574770529374
0.812409719202198
0.541824897129102
0.269998516455371
0.005851080115378
-0.244759841722192
-0.479728374955915
-0.698712752965975
-0.898004219832166
-1.065657873839032
-1.181671523655133
-1.225510133260357
-1.187640086978119
-1.077210119600951
-0.919949528941981
-0.747726036273044
-0.586856566882135
-0.451325143837943
-0.342455670044940
-0.253295127677500
-0.174174669745521
-0.095746043774328
-0.009016120700428
0.093851695752671
0.215135141492169
0.346567866546717
0.468847895654775
0.556774392451167
0.587755871146563
0.550611210880090
0.450962539669314
0.310028606240529
0.156939586916742
0.018561261534821
-0.088474715016091
-0.160828864085302
-0.205449109616834
-0.231823223470546
-0.244580406590636
-0.241200128646183
-0.214843551105674
-0.159135193636507
-0.072199977626363
0.041642665269165
0.173449024230771
0.312963499922816
0.450434107238598
0.576578307666929
0.683558666638462
0.768060558836887
0.833627310784515
0.888727502928786
0.940254524797226
0.985967204143541
1.010901793102091
0.990774496959333
0.900565024537243
0.723700945019992
0.459004284345503
0.124250385179112
-0.244666619246333
-0.599468969135614
-0.889332972877103
-1.071247396722382
-1.116919473601075
-1.016802985992236
-0.783861867180297
-0.455029284937424
-0.085485151678789
0.264346374540805
0.544125205587809
0.725544255503394
0.806086424801268
0.803695641897554
0.747109015721414
0.667139675622801
0.590146219228626
0.533124244573377
0.501044147340813
0.487420203238522
0.478280790349514
0.458451510338448
0.417426668277345
0.351716102293668
0.263226538817644
0.156755097322899
0.038955131723049
-0.082386235887506
-0.200106306824821
-0.309150376340085
-0.405977635529011
-0.486350597247626
-0.543499966369227
-0.568552418858918
-0.554311266024967
-0.500963290175916
-0.419363967360640
-0.328422364806770
-0.247761072459252
-0.190509658995871
-0.160683839320344
-0.155888281300616
-0.172501843020031
-0.209489200694459
-0.267731571019828
-0.344631818113245
-0.428304786459562
-0.497483401861799
-0.529288266795056
-0.510346665677557
-0.444213350543023
-0.350829291634782
-0.257990141958522
-0.188997557518232
-0.153284257161101
-0.145099625638052
-0.150067886354275
-0.154894262352124
-0.154565122201259
-0.153666539229513
-0.162168686037763
-0.188722420367001
-0.235214237007691
-0.295373347281764
-0.357608198194498
-0.409972095225277
-0.444438473232655
-0.457809639467629
-0.448883174227252
-0.414809622301004
-0.349922516806959
-0.247611696147375
-0.103411018718676
0.082073314687094
0.300349047109361
0.532975306788507
0.751728499776064
0.921811104798877
1.008599654664248
0.987172214967633
0.850946065510271
0.615403374997911
0.315412220139446
-0.003253709614356
-0.295686633785642
-0.528362179318881
-0.684289906370259
-0.762161048844004
-0.771961222643782
-0.729885046786899
-0.654076484037756
-0.561325874750665
-0.464179309435896
-0.368310301436398
-0.270868714248801
-0.161077568705376
-0.024581785339909
0.148400538500020
0.354893289894875
0.576878279474297
0.787231704241394
0.959964510933945
1.079012244035830
1.141932034509511
1.157116598636217
1.136458399793592
1.087851978609633
1.010935117100624
0.897533868776422
0.736280071884987
0.518913652134875
0.245523732090887
-0.072603808542248
-0.412611493417190
-0.742480739820277
-1.026573381735124
-1.233023721058054
-1.340324411832799
-1.340716218353266
-1.239415568961221
-1.050843678560175
-0.794708318853794
-0.494024352024830
-0.174570580257068
0.136187580971293
0.412177253980177
0.633348999257843
0.789558711268947
0.881705975396477
0.919469303410718
0.916045119849755
0.882226523514376
0.823433843029385
0.741074391346386
0.635885133999975
0.510248591797866
0.368587883533146
0.216638426254453
0.061242246658159
-0.088483368988748
-0.220534476226591
-0.322209542481570
-0.383854801145852
-0.400845695821435
-0.372406877076790
-0.299165983136139
-0.182590249610746
-0.027329047118461
0.155910759066926
0.349891777363503
0.532796706919529
0.680670438437695
0.770014446801774
0.781681506332675
0.705559433804159
0.543993292858268
0.312638870851795
0.037893919220533
-0.249155726508679
-0.519482976827493
-0.750214410764187
-0.926329408227902
-1.041706883914984
-1.098618373267852
-1.103937525078840
-1.063371860878264
-0.977550248238604
-0.842891474729607
-0.656887576899046
-0.424389738606231
-0.160797662679518
0.109866139203266
0.360794781845819
0.568531565455615
0.715795295933401
0.791003089845905
0.787736300561849
0.705963500386669
0.554284696590320
0.351530477532252
0.125446756044797
-0.092627820601348
-0.274932418679106
-0.402725990061133
-0.468456200711848
-0.475271421288128
-0.434538759001688
-0.361936421032647
-0.273228315905767
-0.180838862126029
-0.092501461417335
-0.012987458248179
0.052400217143402
0.096009964858543
0.109524440816245
0.087007521588144
0.026423151272826
-0.070226267921554
-0.196598807573099
-0.341211790889891
-0.486557024409197
-0.609363107366449
-0.683960270695723
-0.688941066514921
-0.614417208001661
-0.465867424548625
-0.261994227910151
-0.027765801367689
0.213549187763277
0.445989399604706
0.662424916884673
0.862211951488833
1.047034180232799
1.217148925231114
1.368873894294013
1.493340966669313
1.577447491800242
1.607651413155519
1.573905614860321
1.470744101812090
1.297242833901620
1.058444255036154
0.766630340406620
0.440138655412894
0.100421768500885
-0.231468470350844
-0.538436799000719
-0.809265586323370
-1.037764586621175
-1.220897278843671
-1.358451790433496
-1.453962218952988
-1.513893177562164
-1.544018590434967
-1.545743192105689
-1.515233811821486
-1.445790575845445
-1.332258324887927
-1.175303253934863
-0.983298614207041
-0.771047382234416
-0.556313019674056
-0.355762061450787
-0.181356821421300
-0.037934828960121
0.076724533689360
0.168797356678914
0.244469992501292
0.308079039551533
0.362159699269786
0.407581934344459
0.443819287744663
0.470047912201674
0.486448446104835
0.494843199017805
0.498342696878990
0.499696591602559
0.499006184923377
0.493001765277784
0.477118065505105
0.448897063861436
0.410442534014767
0.368803317144413
0.333861542958947
0.313913108285769
0.310886584137791
0.318176066552265
0.322754038712988
0.310642073028240
0.272678130975999
0.207283361132524
0.119025685944174
0.014631904738987
-0.100339959702114
-0.221503502746057
-0.342666236161479
-0.453407563970112
-0.539987596149468
-0.589118558679016
-0.592414316243051
-0.548929228767484
-0.464405529261922
-0.348872604016894
-0.214960606930854
-0.076592220649492
0.053939148903780
0.170027532112019
0.272215974116751
0.365306098742987
0.453946070537520
0.539857727241581
0.621205461116073
0.693236561131167
0.749393059321917
0.782375751364316
0.785219892646231
0.752822822993347
0.683412549974071
0.578859051068610
0.444054721562793
0.286442347203867
0.116075084063442
-0.053956313347967
-0.207503584597331
-0.327119440768357
-0.398094043375018
-0.413730848043929
-0.379666461324391
-0.314412190333478
-0.244657628654518
-0.197156472381026
-0.190898676024214
-0.232162080442616
-0.313360531413011
-0.415958045021056
-0.516548217383501
-0.593749501756923
-0.633680753366213
-0.632362683719777
-0.594177826030819
-0.527841831791575
-0.442779130778307
-0.347150309082806
-0.246860847437716
-0.145273912477286
-0.044359383458600
0.052776397439479
0.140034605721154
0.209570883679138
0.256008309541908
0.280570075484113
0.292010669410159
0.303503341981249
0.327074527182283
0.368615106208970
0.426147213718484
0.491683294374074
0.554253205180670
0.601500196043106
0.620022369263471
0.596310670941939
0.518995227701158
0.381734636518805
0.185692690946398
-0.059276423249868
-0.334739045287762
-0.614526413152853
-0.867036079810316
-1.060687032066287
-1.171820745922562
-1.191115312936094
-1.124945011712842
-0.991513238529754
-0.814402338807657
-0.616811162185691
-0.418615200920213
-0.235964331248775
-0.081411929796104
0.036671424682674
0.115146253386723
0.156826120087673
0.170194053008408
0.167575759895402
0.161538669599271
0.160653183406720
0.167210253871511
0.178791071452966
0.192573824384190
0.208950690600192
0.232178936292673
0.268038431514768
0.319506965812960
0.383023202831293
0.448914889269801
0.506644459290027
0.550813446673473
0.582980479328484
0.607762235931852
0.625884320044981
0.629137548285600
0.600934415454253
0.522509917163721
0.381311656209280
0.176861706057943
-0.078254583159290
-0.361345689533166
-0.644569762948951
-0.900191823848138
-1.104851279284209
-1.242123827089989
-1.303374644452789
-1.287474913605851
-1.199725965329788
-1.050050870761434
-0.851086793423909
-0.616826281518791
-0.361454633183535
-0.098174816139862
0.161070173606596
0.404734984478385
0.621384934950785
0.801367715150756
0.939181052741236
1.034119803909978
1.087920467558581
1.100197094564585
1.065292389872355
0.974912764560068
0.826451123715711
0.631177080953419
0.415685123104239
0.214382851267491
0.056929887329199
-0.042285426430955
-0.087610631019456
-0.097528830581309
-0.094630680639028
-0.095387610378149
-0.104736457073494
-0.117847278915761
-0.127696070286949
-0.133317009697044
-0.142515069503068
-0.166606307416161
-0.211321542783118
-0.271161076154319
-0.331045620600509
-0.373152037765670
-0.384121955783263
-0.359164111253915
-0.301893426765358
-0.220953170011939
-0.126240941759319
-0.026755313740035
0.070362684825357
0.160711785489724
0.243253618179385
0.319582465118189
0.391939734265432
0.461541807481319
0.528174796683936
0.590589999638221
0.646721171415755
0.693214720820691
0.724642954062850
0.733047900903216
0.708219618417500
0.639315736171121
0.518309815009739
0.344324037874308
0.126504102789534
-0.116786050417366
-0.362673744092273
-0.589908942994679
-0.783028151439155
-0.932845904962298
-1.034368697648835
-1.084661479583837
-1.082376825930434
-1.029112215141093
-0.931307018282035
-0.800721744403009
-0.652709384247004
-0.503252353147531
-0.366039290710066
-0.249941210110522
-0.157071296591407
-0.082716036086959
-0.018366510574242
0.043123955582706
0.102827030648691
0.154043257668600
0.185083380481757
0.185017961568999
0.148506269809644
0.077423395311477
-0.019973884312975
-0.130894054165260
-0.240375520637321
-0.334348913023001
-0.402668892010653
-0.440158461027312
-0.445163656305034
-0.417718666899292
-0.359360514283646
-0.274410106056887
-0.171100248325334
-0.061112392452809
0.043019907002139
0.131233822995666
0.197017578505666
0.235749164328150
0.243469078281274
0.218195943979008
0.162267768047675
0.083655164836766
-0.004233777861815
-0.084529707358356
-0.140662257625093
-0.160357900055358
-0.137907274316053
-0.073902607764954
0.027336592780711
0.161399499779214
0.325698208568826
0.517625424462018
0.730902870494094
0.954132725721213
1.172825396822662
1.372490139560858
1.539698432826203
1.660673968227498
1.720171748293863
1.703409639384534
1.600810688113657
1.412718911408137
1.150874013611193
0.835785429019646
0.492353996209911
0.146515093641652
-0.176653063449157
-0.454814581986018
-0.671092696422040
-0.816521100486858
-0.890902253076424
-0.902192695215100
-0.864936937965708
-0.797651891535929
-0.719002695212076
-0.642974316411633
-0.574607652043785
-0.509399358520293
-0.437784663438418
-0.352070218195203
-0.251587420625724
-0.144058149609328
-0.043430772031149
0.034918204943318
0.079464020207674
0.085426946664796
0.054432466922366
-0.007419996923240
-0.091013374733982
-0.184733685028207
-0.275338119894587
-0.350204918010095
-0.400382336262290
-0.423011453592768
-0.421759821074966
-0.404237335275180
-0.377268499037497
-0.343783496355946
-0.304192306352843
-0.260392544574719
-0.218503783354263
-0.188310937300200
-0.179479988809645
-0.196330036770044
-0.234224897796520
-0.279849482797498
-0.315284971481090
-0.323756059186737
-0.294449206358992
-0.224840258940653
-0.120194500855320
0.008954202073593
0.149534169682667
0.287375972841143
0.407311028544882
0.493196167024530
0.529388518353830
0.504230742841758
0.414928578424653
0.271931114654557
0.099688951024099
-0.068301066354910
-0.198677443283030
-0.267503947254335
-0.266072785330378
-0.201681777696094
-0.093580051555650
0.034078696153075
0.159251784811390
0.266806694254701
0.350575012095996
0.412325850154674
0.457952511005451
0.493158688535507
0.520802585930443
0.540019287808311
0.546904104657173
0.537115626657153
0.509280888134515
0.466360707389476
0.413968546056325
0.357579404912398
0.300192702869449
0.240561357456951
0.172791951974231
0.088828084020825
-0.016648754201463
-0.142127296469825
-0.278716520604749
-0.412796577560873
-0.530105506944799
-0.619950324987168
-0.678042641179177
-0.706444012878674
-0.711081089332038
-0.698850339079219
-0.675211353173038
-0.642268032417458
-0.598535193886432
-0.541211925581957
-0.468786795105883
-0.381612834713041
-0.281428022473354
-0.171439860413016
-0.056192022449901
0.059711136929523
0.173142997234838
0.283104126133914
0.390002194910895
0.493745939341659
0.591797235583957
0.678455922443454
0.745756700977322
0.785577810670960
0.792192006428623
0.764339291702500
0.705782855594069
0.623463658757092
0.523678339168581
0.408710951076756
0.276618745499657
0.124606809325437
-0.046132170174236
-0.226958747147312
-0.401844761706742
-0.551740866135771
-0.661151442959528
-0.722471425634793
-0.736013721024549
-0.707623668983050
-0.645746744930729
-0.558379621206807
-0.451034206848708
-0.326866927800720
-0.188135809947206
-0.037309392664158
0.122444547286423
0.286633018324807
0.448643524468341
0.599262741877471
0.726505161606641
0.815955232939001
0.852674352588242
0.825205484640663
0.730275323546099
0.575579791686959
0.378583032060445
0.161394649011462
-0.055943009717131
-0.260558689709750
-0.447297352746167
-0.614334101534051
-0.757856611234344
-0.870307243259520
-0.942394770373198
-0.966303911655414
-0.938349457892276
-0.860252983679949
-0.738863413597680
-0.585410388196653
-0.414854785468645
-0.244147009223536
-0.088776231712380
0.041090285197565
0.143276159030710
0.224297736964172
0.297243408947935
0.376270047683877
0.469933993496469
0.577382299229526
0.689211245048438
0.791657387549052
0.871203331190293
0.916841960098700
0.919886464762481
0.873995382535269
0.777252071636175
0.635121554208749
0.461408265801481
0.275168471160235
0.094608280745699
-0.068542116139937
-0.211561630829054
-0.339630105457191
-0.461110973966776
-0.580297397188255
-0.691704831238671
-0.780583945406056
-0.829847090655031
-0.829290161603447
-0.782307832277219
-0.706165778517854
-0.624731857909789
-0.558009029172309
-0.515515066786309
-0.496405192004877
-0.493454967994974
-0.497169902448533
-0.498651154432632
-0.491448636769131
-0.472864265172257
-0.444605952684727
-0.412334475918619
-0.383753875867353
-0.365533702590218
-0.360650256998402
-0.367836240644939
-0.382758789463963
-0.399175904267723
-0.409671831921036
-0.406820010041155
-0.384799741266070
-0.340821697827966
-0.275970153804020
-0.194859236611524
-0.103596176353573
-0.007116821889690
0.092064508754719
0.193351454687158
0.297408961692186
0.405802959896898
0.519836550877098
0.638902278644552
0.759545842169752
0.875209942540969
0.976669913794159
1.053832555345183
1.098365974628817
1.105246092633780
1.072296566681405
0.998773497164129
0.884632884051244
0.731298482411532
0.543511787259288
0.331259055594374
0.110366636157394
-0.099643780375381
-0.280022681611259
-0.417378750840677
-0.506442055495415
-0.550306618564209
-0.558332995298868
-0.542404493202008
-0.512926428706139
-0.476132209293001
-0.433232776903586
-0.381099965229462
-0.314511454435877
-0.229845246310411
-0.128570395258302
-0.018350191978546
0.088795283944107
0.180306080237214
0.247513866601310
0.288801100638554
0.309726253892596
0.320473008060631
0.332453156366549
0.354712387895341
0.389977868604199
0.431692189092470
0.464599642302223
0.469896905967542
0.432925612204802
0.349748930320172
0.229595395342148
0.092249401826076
-0.038102954835862
-0.139672969792694
-0.198228949141134
-0.209949184151311
-0.181725533299164
-0.128203073012062
-0.065976905533870
-0.007826362416651
0.039827958563898
0.075901729434667
0.102001503305653
0.119830255500180
0.129947636023354
0.132822196957436
0.131172228177747
0.131181635657276
0.141214947210950
0.168615868317486
0.216180415834354
0.280034136278033
0.350394407468142
0.415325274910956
0.465257845596613
0.495281264135342
0.504346088405802
0.492984178545921
0.461419978635371
0.409014253494767
0.335159030779863
0.240796118573682
0.129381630029877
0.006958182061282
-0.118343033378276
-0.237278749430547
-0.341145375071956
-0.423738810595596
-0.482499047360605
-0.518364785038391
-0.534929791199169
-0.537314991691696
-0.530762715913455
-0.519361737607556
-0.505600461960524
-0.490519375663827
-0.473632742973769
-0.453155509082487
-0.427435372375050
-0.396369653343861
-0.361293909985086
-0.324189653675308
-0.287382280558293
-0.253186941089522
-0.223261894827404
-0.198450450303704
-0.178811667324221
-0.163089248532952
-0.148431598744960
-0.131287590967575
-0.108601838907606
-0.077931817712827
-0.036797831887971
0.017204501074019
0.085150797997967
0.165458426250840
0.253350918223774
0.341256120247646
0.420159703182068
0.481643347570471
0.519646671764323
0.531434131904095
0.518129672226512
0.484737633395044
0.438651805307378
0.386382625020725
0.330693520679777
0.270634001988681
0.203822538701160
0.128606668644942
0.045121254661579
-0.044522100737029
-0.136681717476603
-0.226908679530066
-0.310540635783261
-0.383327794504041
-0.442257606732338
-0.485845178728521
-0.513301223342266
-0.523593035385914
-0.515796670429304
-0.490590806255237
-0.451640902694479
-0.405756724922390
-0.361523701366243
-0.327334904200427
-0.310159100263665
-0.315198651647418
-0.345220188608451
-0.398613094325934
-0.467065714685226
-0.535129932607117
-0.582958636763426
-0.590975575686405
-0.544477856637967
-0.437515055887851
-0.275435299365158
-0.074626039306475
0.140729066103768
0.343570433807908
0.509738206291004
0.623351324611890
0.679143552821855
0.680859675588416
0.638193803328026
0.564441431158560
0.474318033893280
0.381107849810526
0.294188575837888
0.218411389781789
0.155134548151530
0.103777605250498
0.063118677044019
0.031524646401287
0.005986177739053
-0.018447708137825
-0.047093412047442
-0.082372794358933
-0.121524687105851
-0.157350686551211
-0.181247745655232
-0.186511307651108
-0.170832752418543
-0.137217737059805
-0.092629906240617
-0.045286719838242
-0.002422301335113
0.031015515593880
0.053300043217856
0.066421281361110
0.075677795775252
0.088429811790314
0.112088986679641
0.151437311704111
0.206453079338051
0.272163306690022
0.340380028756819
0.401980551508608
0.449059114366261
0.476537546188994
0.482397757874741
0.466687186898107
0.430928654363960
0.378951955572758
0.317978327495083
0.257928800036353
0.208551681024903
0.176130966228581
0.161879170422015
0.162754999511557
0.174099664328080
0.192682906498237
0.218188029312087
0.251937074899766
0.293810047286425
0.339256554429876
0.377874965833469
0.395051695828895
0.377279131669948
0.318858305897925
0.225712148710693
0.113587371906665
0.001373160398867
-0.097115127457847
-0.178397953344710
-0.248323752752203
-0.315632502023783
-0.384681648146085
-0.451731396414316
-0.506254654227663
-0.535854871715062
-0.531918399965898
-0.493259954789959
-0.426371458902761
-0.342845566075654
-0.255982391891230
-0.178295482775410
-0.119896653712803
-0.087009856829673
-0.080993465126179
-0.098602764410215
-0.133318512426030
-0.177454205463938
-0.224578380480989
-0.270496158602759
-0.311433835701438
-0.341383775066467
-0.352087504817208
-0.336056279859984
-0.290065575465241
-0.217249656772601
-0.127394341902691
-0.035074950446993
0.044083481778280
0.097313562128514
0.117534418866535
0.105098918450295
0.068082005316210
0.020524162367621
-0.020915844101791
-0.040711099155470
-0.027761729140253
0.021951881844472
0.103709544743127
0.204518561028256
0.306675591268880
0.393564080491564
0.454962084246537
0.489216976533519
0.501058410281310
0.496056343863977
0.475436224627176
0.435081447515658
0.369069498219071
0.274724341493392
0.156259563642673
0.025869824330752
-0.098380041079944
-0.197538974123110
-0.257266417214636
-0.271458209201985
-0.242993722846209
-0.181597471787188
-0.100280923325984
-0.012825888382012
0.066901777521257
0.125595526193619
0.152663253616958
0.143059773080352
0.098733072728787
0.027601421253426
-0.059027045263332
-0.148805446402220
