0.000823784130607
0.000724688166658
0.000353448788968
-0.000178518911651
-0.000590703609748
-0.000764115300448
-0.000789061916879
-0.000746298691575
-0.000624735589450
-0.000386786723192
-0.000060307496612
0.000212661417328
0.000286166610231
0.000179280396797
0.000009644074542
-0.000187274927668
-0.000406013285132
-0.000564720258536
-0.000564409890443
-0.000387657328641
-0.000103804788917
0.000202003574919
0.000438900490523
0.000528463467229
0.000495039322004
0.000457509004202
0.000477624674282
0.000462739339470
0.000280659391549
-0.000082678606363
-0.000474958066706
-0.000681351381691
-0.000627101545394
-0.000386986638057
-0.000115493620621
-0.000032589627282
-0.000203021490689
-0.000375826122706
-0.000268179649863
0.000066329972764
0.000353668815377
0.000466137079526
0.000397865436594
0.000122197061212
-0.000304553846687
-0.000703734369317
-0.000869793603674
-0.000699358869730
-0.000292833188923
0.000080046570434
0.000182189534858
0.000029446584296
-0.000187445035697
-0.000294775113837
-0.000182821123303
0.000085355973175
0.000287853536785
0.000324158023630
0.000318478614309
0.000373481047127
0.000389365923685
0.000276375158358
0.000130778907648
0.000015715808865
-0.000135652142197
-0.000310898474872
-0.000418858586930
-0.000446937780833
-0.000378546998452
-0.000148029301082
0.000184892174912
0.000462928196548
0.000605093666157
0.000590317517072
0.000420795191213
0.000132418907181
-0.000233037900273
-0.000547748017785
-0.000572202679494
-0.000243779721847
0.000162454377357
0.000352083327514
0.000290061645847
0.000088602278690
-0.000170889561306
-0.000438935446269
-0.000634205337322
-0.000656775961729
-0.000469882133585
-0.000181326533973
0.000049652329270
0.000220380833784
0.000406195122284
0.000558426632496
0.000581139458814
0.000455066826875
0.000175896545160
-0.000225948333963
-0.000541988249305
-0.000583342453149
-0.000461700908040
-0.000345681499703
-0.000231144684511
-0.000103555833501
-0.000011259178255
0.000017915772291
0.000003695653377
-0.000048009717732
-0.000144602943179
-0.000228921310439
-0.000262496949253
-0.000265335386733
-0.000207436900707
-0.000092443022545
-0.000043523741221
-0.000109592989570
-0.000163964415844
-0.000134138650372
-0.000103748004087
-0.000141994560734
-0.000261408092306
-0.000386456831954
-0.000312685622317
-0.000001943269902
0.000242277900540
0.000127741488386
-0.000290809164252
-0.000711157343370
-0.000898165344965
-0.000834593502959
-0.000657836103672
-0.000524243875681
-0.000464307311305
-0.000407583829430
-0.000303905785352
-0.000121048589769
0.000137492762346
0.000392177621656
0.000539420355354
0.000536915723081
0.000448984252062
0.000355939172921
0.000261121032376
0.000127790639913
-0.000071493182946
-0.000299500858786
-0.000437562867872
-0.000347165270247
0.000018776985603
0.000465068945711
0.000651135503168
0.000451313174650
0.000083148645096
-0.000163641142235
-0.000211500943698
-0.000114896659158
0.000112798962597
0.000408029224499
0.000594970796224
0.000558386547878
0.000377350408392
0.000184284547009
-0.000004601253190
-0.000187807249003
-0.000303730947533
-0.000321971539991
-0.000266162208195
-0.000186233220100
-0.000114902696603
-0.000045683527188
0.000018126285608
0.000016276025061
-0.000125759736884
-0.000378836377042
-0.000643635791337
-0.000822184464061
-0.000760422898277
-0.000390256937268
0.000099606168977
0.000452452348929
0.000551705841872
0.000380178812720
0.000017267172261
-0.000275753726409
-0.000249249328500
0.000059948240047
0.000414046784756
0.000573586517568
0.000423798629855
0.000070984923731
-0.000230866193608
-0.000290161186642
-0.000105152693218
0.000200520402241
0.000469054208129
0.000558110508374
0.000426225328353
0.000139797180114
-0.000162763986516
-0.000307609030217
-0.000228870363709
-0.000051352742090
0.000063067199108
0.000069300331664
-0.000012621014724
-0.000113071065973
-0.000088572734675
0.000094048903741
0.000273813823424
0.000325063802047
0.000292280356012
0.000222278534414
0.000052986615130
-0.000193713343753
-0.000313175495371
-0.000149489279419
0.000241777134161
0.000660507269236
0.000897873207490
0.000890875057745
0.000754962852823
0.000630406306005
0.000562177586565
0.000501246256477
0.000355967398120
0.000101312491979
-0.000149098128305
-0.000228206457950
-0.000066328183492
0.000229033197020
0.000442419537905
0.000465864361626
0.000394896196738
0.000338335094056
0.000276971953940
0.000155206017548
-0.000035308728662
-0.000271004387209
-0.000494458672058
-0.000588450751173
-0.000448445170663
-0.000112905495429
0.000223798222396
0.000376775739711
0.000363587976750
0.000334752032804
0.000366117686587
0.000434654296846
0.000465511758650
0.000393283707480
0.000257757214481
0.000155041492333
0.000107343536464
0.000077395934808
0.000072632702409
0.000097991144605
0.000075911796327
-0.000026424698123
-0.000145762926820
-0.000261189374840
-0.000391870287527
-0.000477891943797
-0.000404834096322
-0.000122621945761
0.000333705788420
0.000824536946723
0.001089193818112
0.000929560833134
0.000376378349137
-0.000307770051499
-0.000737007648180
-0.000690487943069
-0.000311671067102
0.000060274403945
0.000249336731239
0.000338339224406
0.000404230868800
0.000406973839951
0.000304492069449
0.000070439171311
-0.000312195339436
-0.000777618192270
-0.001121302465193
-0.001098774262869
-0.000618859147444
0.000163561617172
0.000922722644909
0.001347883495762
0.001285217630030
0.000804051097398
0.000161952640767
-0.000392648217348
-0.000734733630583
-0.000797356280531
-0.000576170624452
-0.000177892654446
0.000237732824273
0.000531811566150
0.000635577627472
0.000571898913652
0.000384429701530
0.000106068777725
-0.000155356734482
-0.000265082670804
-0.000240447738647
-0.000231319625396
-0.000348498714468
-0.000593077711297
-0.000871392484350
-0.001010093460936
-0.000842922606785
-0.000389716385372
0.000120793060320
0.000446615389005
0.000514243614108
0.000475676112881
0.000520995324135
0.000632111081275
0.000660932958066
0.000487093925627
0.000085336542550
-0.000366489735859
-0.000578275815368
-0.000435402827953
-0.000104588350613
0.000154782062860
0.000180118928176
-0.000062140576446
-0.000414816720124
-0.000626284796742
-0.000632434959093
-0.000532738188114
-0.000342213171167
-0.000019865001033
0.000273055269341
0.000277154214318
-0.000008249385211
-0.000363785000213
-0.000525400323663
-0.000328900733553
0.000056370923727
0.000300004972144
0.000301518385791
0.000146827930762
-0.000153475790936
-0.000622615390419
-0.001057087805933
-0.001131961214735
-0.000772650366710
-0.000192911447427
0.000317449243297
0.000594261872764
0.000693547384657
0.000757307129022
0.000829091874459
0.000837935094129
0.000684725652457
0.000342063170528
-0.000054171501612
-0.000291636123370
-0.000364602065676
-0.000465031821887
-0.000620535330399
-0.000642110797738
-0.000432874676785
-0.000073678816146
0.000371922298807
0.000892850792482
0.001349043591137
0.001501802762035
0.001248219995798
0.000661336858815
-0.000052765493286
-0.000577056962585
-0.000718519581304
-0.000591909031046
-0.000420278947548
-0.000272112370833
-0.000085106205302
0.000169835187293
0.000423647564350
0.000503825117241
0.000258934711944
-0.000189625828530
-0.000500614439826
-0.000450821311224
-0.000073262206958
0.000402075611371
0.000641330568821
0.000420203803434
-0.000161531261781
-0.000726807426236
-0.000918245178670
-0.000672616519754
-0.000240182756706
0.000029822396303
0.000001461335049
-0.000160024858854
-0.000274445423078
-0.000301451387918
-0.000229709785881
-0.000104730441168
-0.000053156612490
-0.000108435965812
-0.000180073489099
-0.000222032074546
-0.000186644456910
0.000078914862637
0.000592688626055
0.001093758655780
0.001300355971229
0.001126242867928
0.000655706745915
0.000071221868192
-0.000408300272922
-0.000641908241571
-0.000605621019953
-0.000350678469700
-0.000042757867573
0.000130614267374
0.000171798930638
0.000198728031333
0.000273744899743
0.000437646017344
0.000693465571575
0.000918226805953
0.000980433241290
0.000862182856566
0.000519153890784
-0.000086568561972
-0.000707195056051
-0.000986644639318
-0.000825594497672
-0.000300561792264
0.000409695604665
0.000922395847468
0.000899929918787
0.000475137653842
0.000092490162530
-0.000025418062685
0.000052220379319
0.000163432932520
0.000153468945203
0.000045586788489
0.000030655312566
0.000173178903432
0.000308506802051
0.000274567190153
0.000047858247462
-0.000362170068417
-0.000815985366648
-0.000958671999924
-0.000630849356907
-0.000105532599994
0.000320034119136
0.000593759459543
0.000680125119092
0.000525366441765
0.000261703751785
0.000075583849343
0.000024766936225
0.000149414909707
0.000463673374352
0.000756968290949
0.000720799508222
0.000302561058408
-0.000307987705890
-0.000878955200337
-0.001156243331391
-0.000987550312423
-0.000522932759967
-0.000047964040559
0.000324695187618
0.000609063660637
0.000755156437905
0.000662062601504
0.000316301782843
-0.000116493019259
-0.000378590576925
-0.000357005341622
-0.000165676278836
0.000040507621069
0.000161244856658
0.000097799915213
-0.000110441351623
-0.000218709155827
-0.000090595666441
0.000137225661648
0.000319219545623
0.000431798293932
0.000402723936376
0.000140306391684
-0.000246531386129
-0.000517204286250
-0.000519612276317
-0.000223431654026
0.000204495888179
0.000404843612777
0.000230794428125
-0.000081524639139
-0.000270101561672
-0.000224055559355
0.000072795577086
0.000423613492884
0.000486041830096
0.000218388526153
-0.000084653127473
-0.000247369655854
-0.000277277137993
-0.000186503754809
-0.000081526772569
-0.000118557532313
-0.000230148659287
-0.000201169661131
0.000025541001800
0.000433854972797
0.001001283611341
0.001425553963357
0.001319545175188
0.000719521782970
-0.000033851650341
-0.000671544143618
-0.000990522129327
-0.000879910544637
-0.000523153172504
-0.000201621699674
0.000073772482876
0.000401895884828
0.000690233154034
0.000803399131200
0.000748808559912
0.000574014093990
0.000292317200698
-0.000051810014043
-0.000340321342333
-0.000429047002213
-0.000287948549109
-0.000092698750441
-0.000027534435594
-0.000085829096303
-0.000233298861910
-0.000492119156492
-0.000775268519203
-0.000912734581323
-0.000830483236082
-0.000578187492110
-0.000239856119406
0.000094174652695
0.000356858433968
0.000557784596431
0.000693029808036
0.000675691599240
0.000455534474397
0.000140371282700
-0.000052441574959
-0.000017238458632
0.000086088141929
-0.000012212672530
-0.000376099740120
-0.000791051113794
-0.001033549225817
-0.001030925809807
-0.000771458753246
-0.000350534461730
-0.000024992670055
0.000047825573561
0.000008495078833
0.000049634778558
0.000168166246444
0.000297342726509
0.000399687911636
0.000378317955693
0.000163249454099
-0.000134899537224
-0.000321367279025
-0.000348101716691
-0.000316196431057
-0.000305964703131
-0.000347577757449
-0.000405529283556
-0.000398628570902
-0.000354656796575
-0.000301849244772
-0.000118554636463
0.000226506210834
0.000575693329363
0.000804264918221
0.000850214805915
0.000645637181786
0.000251361976436
-0.000134235302446
-0.000411434705470
-0.000563009496745
-0.000492816303672
-0.000230298860367
-0.000074712944862
-0.000199855426910
-0.000395802727307
-0.000407864404552
-0.000170410620684
0.000284966085557
0.000748900403619
0.000885730383953
0.000649617587597
0.000326989913936
0.000135421046998
0.000091263799948
0.000126319322965
0.000137163625940
0.000083543518360
0.000049158899096
0.000058610032420
-0.000002135658753
-0.000151797487134
-0.000265371331995
-0.000273630469070
-0.000144068272522
0.000194605236682
0.000698204150461
0.001136077253987
0.001307258908972
0.001191608001354
0.000857892447444
0.000393121384602
-0.000121308473521
-0.000633746223560
-0.001069792735032
-0.001294508253302
-0.001158909862817
-0.000626070877833
0.000151855192810
0.000902673870156
0.001339116257485
0.001293608034793
0.000835869408136
0.000209356849183
-0.000314624397668
-0.000495033717073
-0.000234876982842
0.000222117508991
0.000428656574055
0.000221424244249
-0.000126674288608
-0.000292381303201
-0.000218263776381
-0.000031714889898
0.000158061105210
0.000330581416563
0.000466636128860
0.000465417067208
0.000273912380582
0.000001287325043
-0.000234696437042
-0.000378948148729
-0.000333370819030
-0.000076517342505
0.000184938814148
0.000273829832261
0.000293696785777
0.000401247075708
0.000561623869737
0.000658740726572
0.000611426098265
0.000382997531086
0.000041409656308
-0.000280264784525
-0.000479733304258
-0.000464126458349
-0.000238920622610
-0.000022199952126
0.000003963180159
-0.000055767558495
-0.000024136822447
0.000115152276686
0.000307423655587
0.000473671739016
0.000484511867013
0.000309395497112
0.000087361654084
-0.000082373452432
-0.000238131315210
-0.000389720193910
-0.000468959148757
-0.000359588633698
0.000080593385731
0.000767382489227
0.001314086656223
0.001427315976386
0.001133948548807
0.000593241821566
-0.000010304338676
-0.000396779277960
-0.000351842020076
0.000006121580788
0.000360613576779
0.000480552232195
0.000275484188187
-0.000122860433816
-0.000367908521262
-0.000266510525340
0.000045380102095
0.000382751136294
0.000617528429313
0.000573539204270
0.000211269826895
-0.000217048132949
-0.000451105797256
-0.000464254927440
-0.000330470732982
-0.000122578644968
0.000008899717839
-0.000039342980610
-0.000124237488697
-0.000062739285912
0.000110652344582
0.000289042699672
0.000432919381271
0.000474725048686
0.000365512047775
0.000209633808374
0.000110243289346
0.000036702320783
0.000028655728731
0.000215693332632
0.000516816582236
0.000643585728479
0.000431474176952
-0.000010979835862
-0.000393474648169
-0.000437684422603
-0.000130394003494
0.000272796995782
0.000560930341078
0.000665147129537
0.000520707168666
0.000180389542399
-0.000079452224871
-0.000037827677537
0.000256148406277
0.000594719257613
0.000722173633988
0.000468585967276
-0.000037606682532
-0.000467633365539
-0.000598866182336
-0.000396784331414
0.000032736719700
0.000473829105675
0.000683593304792
0.000542426003852
0.000172566736600
-0.000132379830145
-0.000143518008611
0.000118044782507
0.000435731049345
0.000604974478940
0.000561676497459
0.000410304883245
0.000335762485731
0.000414557409411
0.000539526320191
0.000522933918039
0.000249500349515
-0.000228633633578
-0.000677250595309
-0.000791848627119
-0.000442278171524
0.000217105052118
0.000878312460585
0.001251198732642
0.001206917394549
0.000806373446213
0.000205491867337
-0.000393630887883
-0.000823982085395
-0.001056651406957
-0.001098534651952
-0.000852445678031
-0.000267676968213
0.000429329751098
0.000835000000982
0.000692486198122
0.000121661859264
-0.000460227684868
-0.000701422291449
-0.000546710651255
-0.000190902851779
0.000086505450573
0.000120961244058
-0.000048864241411
-0.000240075223918
-0.000280152757923
-0.000183573905370
-0.000111234332247
-0.000137783154948
-0.000206080303086
-0.000277958550690
-0.000358171773547
-0.000392766366497
-0.000310595996294
-0.000152701145566
-0.000004935813515
0.000095107370106
0.000090457949077
-0.000068769536946
-0.000304587232578
-0.000462771151418
-0.000464039282035
-0.000313498652953
-0.000071336725239
0.000117568130999
0.000133377723354
0.000023266713010
-0.000078486703289
-0.000108576332231
-0.000092583418418
-0.000074351130589
-0.000100501667040
-0.000212841137079
-0.000391902197879
-0.000530423252447
-0.000485708534837
-0.000223354305552
0.000116967526713
0.000355268252282
0.000407687257989
0.000321533900265
0.000207167823911
0.000111065943200
0.000011921569112
-0.000089073101063
-0.000186369439952
-0.000336743735213
-0.000559374433383
-0.000734892858621
-0.000745542707106
-0.000594154014608
-0.000333014902558
-0.000043406184618
0.000115049497932
0.000035525518388
-0.000153538449747
-0.000267658678360
-0.000329219278181
-0.000394383720381
-0.000351812833869
-0.000125819916522
0.000165895303085
0.000371082718713
0.000406749940003
0.000240150516683
-0.000061152697284
-0.000353794306483
-0.000501540227926
-0.000388064057444
-0.000039041416475
0.000294967185093
0.000376521363482
0.000220491131649
0.000031039293955
-0.000007413662619
0.000113061110089
0.000209129182120
0.000069749245620
-0.000309377950107
-0.000678922303850
-0.000765571337093
-0.000487178772873
0.000058654719857
0.000606354761385
0.000774911207061
0.000442373754108
-0.000065344823630
-0.000371207670521
-0.000406735078119
-0.000337605612603
-0.000325040321266
-0.000369426184971
-0.000349512681867
-0.000231855758629
-0.000112788857326
0.000001221263737
0.000151241027977
0.000201995265565
0.000030120632087
-0.000261928717673
-0.000519068842046
-0.000672767253073
-0.000719041948453
-0.000728211010388
-0.000785051979993
-0.000811113031252
-0.000600507301993
-0.000155075211305
0.000225421137158
0.000291802710789
0.000083554715134
-0.000194567873100
-0.000323306237943
-0.000188010127997
0.000006934953305
-0.000200928068074
-0.001240324912242
-0.003584369527036
-0.007828047232763
-0.014306890937238
-0.022851959914115
-0.032904835636029
-0.043617157055854
-0.054075385368217
-0.063866762897382
-0.073441039054793
-0.083993490806340
-0.097438456029123
-0.116314941706440
-0.142914055303014
-0.178001163561646
-0.220030330938348
-0.265155190512871
-0.308072366814419
-0.343649121163862
-0.368676091834371
-0.382900336457512
-0.388891654884171
-0.390207042900659
-0.387933139654026
-0.377768793676205
-0.350433969386525
-0.295802117358411
-0.207963037695484
-0.087114898985190
0.063441779879875
0.242269594256789
0.451587729480486
0.693575085801746
0.963480197499304
1.243639313702734
1.501116094221616
1.689762727279826
1.757419341388680
1.659363249132793
1.375756521484426
0.924444375750098
0.358549035537970
-0.253126378105715
-0.850732593992829
-1.395685241317173
-1.863231560983538
-2.222847299697853
-2.424897933726936
-2.410041699109830
-2.137534544240008
-1.612507089485355
-0.896173782527786
-0.090494074189209
0.700192483560250
1.408286503395346
2.014400622810628
2.522114929309523
2.913422106058660
3.116246949089069
3.010988612184440
2.481389431342692
1.486068503982718
0.111630848463431
-1.422768221636812
-2.815769141915090
-3.770359501999716
-4.080953828790268
-3.684112712219488
-2.656246292603784
-1.172908186254956
0.542759766080939
2.262693772452264
3.773693002422752
4.871719770362136
5.354191132677846
5.044414655639108
3.857169058023890
1.875284636551819
-0.613856746358607
-3.160355159931350
-5.268371985976897
-6.539157890878744
-6.780518106265796
-6.042850524103039
-4.573078901605495
-2.708178552568751
-0.755555194119625
1.081027869512208
2.699820613511733
4.046265415016470
5.046050033581762
5.566385952856669
5.449151865758238
4.614428110915048
3.158133986076009
1.359125446700384
-0.420719895781732
-1.883985381544571
-2.902720266018779
-3.520438388716475
-3.859610520994802
-4.002179543407965
-3.922034937453136
-3.512883715582609
-2.688395947599828
-1.479861645750650
-0.070014977880569
1.253080971933086
2.204977041431750
2.624138758660735
2.533673689204339
2.115627105973085
1.619828119770291
1.253799039576072
1.104892390602685
1.130330904277736
1.209530114282423
1.217022393897273
1.071531275748475
0.739780307390551
0.209634722314222
-0.524764693812013
-1.435676089784610
-2.413409386494080
-3.254644494799907
-3.721197726450348
-3.641041642895923
-2.985646312445641
-1.876290652720427
-0.523505391008825
0.854275364877319
2.082350101322786
3.034662126170362
3.614160065156554
3.743768911003137
3.383838480205578
2.561813212939039
1.392242736319248
0.076304303965048
-1.127444846060013
-1.969201545187655
-2.296733399474373
-2.117879175470180
-1.589691941537386
-0.939863849972504
-0.371949453250377
-0.002258509999264
0.155424173515108
0.166833483282127
0.134789505962586
0.155940240544583
0.289798795545538
0.541440971614262
0.854251472578396
1.121144665225651
1.227743565264374
1.112547062448626
0.796950344101019
0.358002089694081
-0.125260940446396
-0.596833722446335
-1.004412585222979
-1.277021179298850
-1.344010741130572
-1.184374784297880
-0.854789474564226
-0.465999997446020
-0.126751167927496
0.101438705171427
0.210361587677674
0.220365122910469
0.158557565292722
0.057262327957473
-0.041986683483933
-0.092877468672008
-0.056183292603794
0.080832013723341
0.282166164415366
0.460451955479981
0.510587593774275
0.361189979660524
0.008561821934118
-0.480183223453528
-0.987522926134613
-1.383711873584153
-1.572685968227083
-1.519910761479666
-1.241368574637508
-0.767995019309758
-0.125809814243029
0.648124757057336
1.477331864641476
2.242642482825354
2.810869239198879
3.069429116961447
2.948487259412715
2.436721507499396
1.593633322247104
0.543666226388094
-0.554067009587749
-1.542349069842679
-2.293396315513462
-2.731688679786140
-2.849426586629223
-2.692706071298601
-2.313063484876372
-1.722235591306796
-0.899364243328719
0.144058972013060
1.293226664574622
2.319873543462935
2.958462549011994
3.028650581777746
2.527233139814270
1.631693515953333
0.612685657403554
-0.291714615782446
-0.962498226375254
-1.399094031870264
-1.651629458189932
-1.749197259200102
-1.671073993103597
-1.368852697334783
-0.823118335958589
-0.100367098851024
0.634202353503205
1.168393396322022
1.334277312831996
1.089997103771096
0.549047902686333
-0.063423869609124
-0.510767900035134
-0.647519784113255
-0.468903535529783
-0.089960533833250
0.323642847002688
0.634508005455326
0.784871521762715
0.799829563627629
0.747418176922945
0.681489109486906
0.600739121510410
0.448951019831098
0.157086938920771
-0.301737915143820
-0.883054108776243
-1.485175002733613
-1.991448910067451
-2.310417940752736
-2.394134369349918
-2.232343454470099
-1.832300070406087
-1.200879157191986
-0.345324934391832
0.701886361167178
1.847873174572924
2.921861044991452
3.698298548525603
3.961411333882298
3.587890118660264
2.610895105376605
1.229634493771249
-0.252469773416640
-1.539178254452089
-2.442093568846574
-2.912050525219223
-2.995396693644996
-2.767760591818281
-2.300399939169454
-1.662802728102089
-0.930316299478225
-0.181021248723848
0.508513116845273
1.063973816013708
1.426245712593853
1.580865810823683
1.571568164719440
1.467634327888923
1.305879767966151
1.063266649152546
0.690271839694809
0.174667863112600
-0.423342157322618
-0.991734368665141
-1.418356707458051
-1.631194754353128
-1.608621665676219
-1.370091776887848
-0.960893222240256
-0.434570632215191
0.161961162714118
0.789670217839454
1.402237780413378
1.928112358907596
2.269391295002101
2.328071270255119
2.050897981956656
1.464569422617635
0.675135221705878
-0.166228019133470
-0.905825367000408
-1.419132579181539
-1.629919157607967
-1.520501414493824
-1.132400320773128
-0.556406772537273
0.083908824583271
0.650079414780615
1.008283864409635
1.056296151774613
0.759241250454781
0.178500835696976
-0.532251150272246
-1.173092005217184
-1.565867734300773
-1.612544866659930
-1.321349465321762
-0.792438377585157
-0.171832079705367
0.401458838076145
0.830868320826373
1.072617033416361
1.126966406615345
1.020336738241796
0.788017752487742
0.465641126677838
0.092082991865429
-0.284267687478224
-0.609781723303920
-0.843072468518666
-0.970814808461150
-1.006681015611696
-0.974872007581638
-0.891876770334671
-0.757601615185788
-0.559286959341997
-0.286532983114571
0.049959293661286
0.409476703366877
0.732940698234559
0.969597211392522
1.096216508884361
1.110847335198186
1.011642887696469
0.790748955859518
0.454493830920438
0.045197718421689
-0.365157348532528
-0.707024829613618
-0.942880631434068
-1.073089900313150
-1.118514595645917
-1.094888253561133
-0.996843626042727
-0.799963617155052
-0.475181338722049
-0.006024788714921
0.595005332554407
1.272440692805962
1.922958831958890
2.410478484058653
2.605443203255425
2.434498965663840
1.911747542960245
1.130919716371189
0.227408058099662
-0.661421512836964
-1.418316839054522
-1.951398135415195
-2.194617577774305
-2.115520008004260
-1.733502434019662
-1.136673365495975
-0.475221872062641
0.082015021742858
0.414360306157371
0.502458777879877
0.431089628525324
0.332411473988157
0.301687958269311
0.340941283571283
0.366956367401019
0.276306465329396
0.025802898117001
-0.322786988465775
-0.626083954452310
-0.739974489965152
-0.606959969385918
-0.291768571727591
0.060179074942865
0.311940994572191
0.408282916008438
0.388665952392801
0.342539619871753
0.341194117625451
0.386336266396054
0.403725537983619
0.287132901181628
-0.030903774227929
-0.523557645386680
-1.064215459749903
-1.476689845253072
-1.613977840701665
-1.422840694858363
-0.960433940748874
-0.354805104712624
0.264681199550922
0.820073070154358
1.289510149967207
1.668935211660600
1.924627701265732
1.979426917313320
1.753785323480108
1.235947853520517
0.522953087693070
-0.207455833429032
-0.777386089304563
-1.084081050028641
-1.123323319378058
-0.961221289187462
-0.687874320816068
-0.381631765076628
-0.091745954964796
0.163416960861331
0.385272078628713
0.576002700731875
0.724231571608728
0.806959836799814
0.803472080143825
0.704622554442031
0.509275478027442
0.217337379354231
-0.165664478920800
-0.609292561028873
-1.040698943592501
-1.354486605651204
-1.455894080179198
-1.308628400536923
-0.949246605343058
-0.458267775234966
0.084848275210503
0.625986976189723
1.127794302994475
1.546028246495451
1.816167714116361
1.863455145189988
1.633520091951475
1.128061960618557
0.422178038130427
-0.353208583311149
-1.054595468317311
-1.566426633900829
-1.820401467564931
-1.796483102477248
-1.516611464100266
-1.037324293852842
-0.440953544786423
0.174768369170673
0.706420948579735
1.057881509588972
1.164196075793801
1.020110643239316
0.691669613229336
0.294647596646560
-0.054441729813024
-0.290168488352089
-0.423345899092788
-0.520445710121184
-0.645365263893294
-0.801839879193960
-0.918149900608681
-0.885816765170114
-0.627199959854297
-0.150088122399788
0.441609805258481
0.984947382123654
1.323105189837497
1.367026676739032
1.122293264060016
0.668666444985350
0.110758841129706
-0.464928929167084
-1.002574053437605
-1.461168632104782
-1.792981188488981
-1.940044652681638
-1.853670712363271
-1.521533801358326
-0.982398899341795
-0.319405503485056
0.364824067562696
0.979917327318235
1.469270760021518
1.808638167465521
1.987405425545584
1.991797251955498
1.803098135281298
1.409872102224090
0.827034896869309
0.113360824835910
-0.624708693106306
-1.253975839129280
-1.657040452518103
-1.774983380087095
-1.623918767864699
-1.275391750733562
-0.815102472598724
-0.307953443105552
0.209936770562909
0.714209380836616
1.169663959505582
1.519000464963025
1.687518994011158
1.603308625706090
1.230730688645551
0.604405379344727
-0.160555570678977
-0.898577957238961
-1.453187698196827
-1.733787410085059
-1.741438973550480
-1.555121191770309
-1.285073997812025
-1.011684159586320
-0.742277844000107
-0.417943864175007
0.026756179310598
0.590640668335783
1.176708414991667
1.634729629651071
1.846690681117121
1.791732576676952
1.545048081824255
1.218329551936858
0.891521920097362
0.583490880422875
0.272734578503454
-0.056969813949240
-0.383857558213306
-0.651317918286442
-0.800259185884045
-0.803863262421244
-0.680981791709051
-0.483425392607622
-0.269337445511460
-0.080180153642937
0.066152812767139
0.166346299795194
0.219628257288690
0.225299245519367
0.189000828782282
0.125366269405403
0.049759783947293
-0.031337567126191
-0.116407564871936
-0.192956069049074
-0.229360692768169
-0.190392702597832
-0.068481884995533
0.095606931233879
0.224778948671396
0.249303125107717
0.154030627319567
-0.007802214113942
-0.148143325568654
-0.201978939317775
-0.167641919409823
-0.101651158447507
-0.073888563862728
-0.117293069282030
-0.208334546471850
-0.287859855747970
-0.301514219117549
-0.231689073129087
-0.105760398673150
0.020223631549352
0.094269461362737
0.102294029414398
0.082105002997478
0.101883781720199
0.210843682216106
0.394830955036677
0.570053241422656
0.622815998404138
0.475301458897959
0.140961126133255
-0.268492560671959
-0.599617243874023
-0.747656788037193
-0.718531757807293
-0.615326874362126
-0.558311480697815
-0.597086843457257
-0.676889258026200
-0.681126954714155
-0.520317227106884
-0.205346113417051
0.149204949532379
0.397771380077582
0.460145614125359
0.367984813417695
0.228487566913584
0.141592737043175
0.141089938615139
0.200085295556473
0.282767470653593
0.390935746697621
0.564680078880869
0.836799684021714
1.179589233747604
1.490239989399190
1.632453543820713
1.511745382681007
1.136236619848505
0.618547764916514
0.112028525727117
-0.276543666206258
-0.537007202158698
-0.736667903580274
-0.952252572940456
-1.206292807346751
-1.449498567764189
-1.591109930183885
-1.549342724081515
-1.290054045803551
-0.836978276595721
-0.257588283632241
0.359133673249192
0.919271663819511
1.333054267299660
1.524303955439667
1.447164583092914
1.105473746960570
0.559016404532384
-0.094175072573019
-0.751143768170184
-1.332715494249846
-1.792294608305224
-2.103068779273877
-2.237184009849297
-2.156995143361045
-1.827229317146851
-1.239819613021901
-0.437346807137223
0.476225428936716
1.347828019160338
2.016966404841191
2.374151469748492
2.399840232433505
2.152052904110763
1.711324548033156
1.130297737519412
0.431457680262240
-0.348242205188621
-1.112916121918250
-1.712869565167006
-2.002760497252461
-1.908104499703904
-1.452237284001994
-0.734569926275224
0.112042460335817
0.953820263083622
1.668487088754467
2.146302870745745
2.295175231494101
2.061677979465835
1.464200346498376
0.615217547582431
-0.294301620659966
-1.056218931908569
-1.527108389944148
-1.681447034103787
-1.598162992828562
-1.389325693756468
-1.123486428790230
-0.797189097064095
-0.368365423728266
0.180065591497367
0.795838145194377
1.361803069103637
1.741262535388251
1.832945534560249
1.606678399374899
1.106550621565374
0.426070439804892
-0.326132185152406
-1.048829327886652
-1.650682736748196
-2.045194910253660
-2.158678278979106
-1.955105375978398
-1.459372723457823
-0.758274445299388
0.025096643896467
0.769913647705200
1.386588755320148
1.819623018519467
2.029844028355339
1.982025049589464
1.659074808663080
1.095003044141407
0.393983683994293
-0.290996571427710
-0.813276201423577
-1.088352697694565
-1.120081756458737
-0.987221664580651
-0.799999056369186
-0.649458700694042
-0.574279585912241
-0.558676552549228
-0.556747598518987
-0.522679501550522
-0.425514115130509
-0.246420695338667
0.024132690542259
0.376887565526756
0.770870975889657
1.133794627218360
1.380934176254009
1.444477734570651
1.299215768641980
0.971140065256679
0.525430742371116
0.043135177344051
-0.400916965441036
-0.752534469914701
-0.984202195052493
-1.093511982053982
-1.094235899637280
-1.001522992694069
-0.818894711343652
-0.539641231320798
-0.167266707071505
0.258636501682302
0.654488956749956
0.915107745910120
0.956595603839348
0.755110413000814
0.359388929868470
-0.126764911365035
-0.579024425732379
-0.890504884150514
-1.004421866521408
-0.930399987178124
-0.732730663182578
-0.491990640228890
-0.262002980619612
-0.051636171714137
0.156810670154264
0.370547734135284
0.562419976421545
0.678897424099039
0.672736703669226
0.535553207838965
0.307276419855129
0.057734111740310
-0.144167923837292
-0.252161103588216
-0.246232588590294
-0.126725216365361
0.089390524123194
0.368757705252673
0.662632268528186
0.910234467616811
1.045381470122684
1.008630663046745
0.764745935463220
0.320373995659086
-0.267114081278014
-0.898076706389860
-1.455521478790234
-1.833997756802589
-1.959516692146661
-1.796897847925611
-1.348980004175225
-0.654955862973800
0.208216613253323
1.124084124673912
1.941002083604448
2.488769917601175
2.612194493626946
2.218924180405869
1.325331835730647
0.076368572902888
-1.278004142906974
-2.450109842307726
-3.203287883797008
-3.420818710247938
-3.118879003492685
-2.403660764731228
-1.410895187018369
-0.269159860509999
0.901422213010023
1.974117543093979
2.812430172323514
3.292919754329335
3.342581847653600
2.966010771598155
2.246570696770177
1.320956114428729
0.335733000088417
-0.596537980257318
-1.416812053065276
-2.100043041805284
-2.611038668392139
-2.873314899849989
-2.783212707558179
-2.269443777487710
-1.359977929137649
-0.204740585650328
0.968051164866753
1.935184689417634
2.550234781066171
2.769534025660499
2.633370594820854
2.225403093462929
1.633040066031805
0.923141420154809
0.142070932786959
-0.661074937465632
-1.408201817271399
-1.989857977174393
-2.294967991627379
-2.254990734199385
-1.874642895892740
-1.230968578915666
-0.444746546029577
0.353508725279228
1.044754448959281
1.530556600523437
1.740857510642400
1.646851254624990
1.275293461019424
0.712029128012027
0.084391528024986
-0.473696542484002
-0.857194044192826
-1.011691175582381
-0.939067945969291
-0.690729285024591
-0.350436081934218
-0.008313637232166
0.267028141598888
0.445916402814715
0.535917899903101
0.563761128392190
0.553745389694219
0.516002919338790
0.446017288018889
0.327413464913780
0.136504643250672
-0.145669928414011
-0.514693451353280
-0.928581908051917
-1.310423643330545
-1.571719672485738
-1.645748465112181
-1.511083049393738
-1.192684075360710
-0.744246225357678
-0.226436748226981
0.304538211498754
0.795312418794580
1.191198356055537
1.440416912196356
1.507414669893034
1.388747861405816
1.123731988548522
0.790673084113425
0.481725471273602
0.264145449861242
0.151385415359832
0.103361125768139
0.055267906197711
-0.043260460073242
-0.201678892201482
-0.387949735055798
-0.550930350554443
-0.651216805134972
-0.681282113303829
-0.660093492123155
-0.604783417142828
-0.502976736687102
-0.312850880325302
0.003785111988036
0.437495992240013
0.906236038126740
1.267864722643371
1.371310719698190
1.126456727028528
0.554980730670262
-0.209710503742875
-0.973046871238879
-1.549880759547337
-1.821055373716860
-1.758306009591263
-1.417121507389540
-0.906922165876419
-0.351322821456870
0.148683202746251
0.536470531444807
0.798127612720550
0.941187614876790
0.971291538154423
0.885153111717674
0.683214681436507
0.386833297543369
0.041039043666579
-0.298847334419740
-0.580389540530993
-0.755558730349588
-0.779536894106024
-0.621818524730264
-0.287208273055923
0.172250052716266
0.667350498342898
1.097713418515994
1.378356272194643
1.456777136209995
1.318988491749178
0.987721226409870
0.516827847839679
-0.016191028872335
-0.521253074938872
-0.913975913732221
-1.139861447523490
-1.192705293312970
-1.111197025791165
-0.949434167294335
-0.739102868232813
-0.472378649569853
-0.121094996635337
0.320818753966008
0.803520857399624
1.221661490980244
1.450925407736855
1.401156064002097
1.059746130620583
0.505208516110403
-0.117939007198304
-0.656829375936847
-1.015120947537398
-1.187569643473226
-1.238356967869891
-1.234281715133635
-1.181116873278760
-1.013917654482152
-0.651450592941109
-0.074130208425321
0.632663687945100
1.302121592287139
1.762514497503487
1.916055187472975
1.769190533880362
1.403640080098096
0.920348788082333
0.396897707331604
-0.121893376504358
-0.605891264905463
-1.016124828879418
-1.299498248383319
-1.409746564415393
-1.338714500181498
-1.130830907629041
-0.866951619646547
-0.628538652595181
-0.464927237820505
-0.378806229138414
-0.333817928602108
-0.281393662714517
-0.193669120650825
-0.080802773385138
0.019516161406854
0.071548665918032
0.069366956394986
0.045514499920717
0.055256557994420
0.146228694362668
0.331074851131427
0.576622228057210
0.812950063047860
0.957034929994583
0.942658939767951
0.748594384824084
0.414596351665699
0.032690765939731
-0.289227267588940
-0.475632387964430
-0.515841498060134
-0.459077508224178
-0.373124420971059
-0.294191435125303
-0.204965050840692
-0.058201245605021
0.172230419347045
0.452478461776823
0.692196496829192
0.789543066251472
0.687991460508234
0.408876965103210
0.040977568240003
-0.304972627370777
-0.548057243166690
-0.662706838737042
-0.664737759140774
-0.575980548664003
-0.400816157951256
-0.133052532157117
0.215973153830756
0.593624546278031
0.908633176508645
1.064252573204685
1.005019374248701
0.747310104645912
0.369635338111380
-0.032957568059495
-0.395256305469926
-0.693040415727613
-0.916066026616800
-1.034378333968868
-0.992691176674143
-0.740796675409083
-0.279082256961816
0.312088721973553
0.882186215868012
1.261461117004642
1.329491935234996
1.065036822430686
0.550749174421111
-0.068289819467502
-0.646803270384715
-1.085557593652432
-1.339770357843927
-1.399051115619082
-1.266816353668633
-0.958107822258407
-0.512067623234721
0.000807564581929
0.493829156997504
0.895858397552781
1.171856133704135
1.313144023728214
1.311565535477851
1.150039849645308
0.823731804592920
0.371864687529058
-0.113964124709724
-0.519842676420522
-0.759804526615791
-0.811944775031740
-0.719290782287781
-0.560845390755107
-0.412868392084391
-0.318340472435416
-0.275843480519328
-0.252626837335604
-0.215668392789693
-0.160841031405773
-0.117623133811883
-0.124388055694220
-0.194453318956556
-0.301241278660450
-0.392923884997697
-0.420817144658091
-0.357828586686568
-0.198746465595777
0.046773018415215
0.355925851678148
0.689814930980469
0.995011748594677
1.214299112564204
1.303596745158705
1.247729972389946
1.064496458750488
0.790454838813696
0.457356658535633
0.079206434189549
-0.337699664232712
-0.769041064209937
-1.154420242190197
-1.407959705766035
-1.454561569371061
-1.265297191647741
-0.867876239490010
-0.331451268681096
0.257237213616931
0.810565464327144
1.246832710498179
1.494888261862196
1.503005782587683
1.250484783998640
0.757676803548512
0.092010820998325
-0.634499546136286
-1.284110769525444
-1.729790361370878
-1.894980135447162
-1.774531648856655
-1.424686263212355
-0.929861888390466
-0.367427094333491
0.209942603157197
0.767578319027593
1.268167432480977
1.658525405429125
1.877750073374433
1.879868923537827
1.652934552399700
1.224866760722666
0.658056470026611
0.036184285215860
-0.555318354449676
-1.050015841373972
-1.412372564751134
-1.633686527734192
-1.714771056254375
-1.648186747697129
-1.415938045160855
-1.007915493308565
-0.448904748724811
0.185886857968187
0.779886573126002
1.206922287513722
1.371035070691235
1.236500459297412
0.837551123261535
0.268094384096883
-0.342927320487763
-0.863889048380836
-1.191907219940535
-1.274121913336878
-1.114186658947089
-0.764637740890826
-0.307461130358896
0.170950576901164
0.597159161624276
0.911560215584797
1.062256549243398
1.011017859523980
0.756470239881401
0.355747360166392
-0.080687529654026
-0.426413379870080
-0.588004899687085
-0.536507313113686
-0.305604436757681
0.036663476079803
0.420664020756233
0.792774995636761
1.113767603943104
1.348403924254336
1.459501162781524
1.413682676079662
1.197483973160304
0.833302498808840
0.380511636643925
-0.084350386292981
-0.498279586419254
-0.834687581550483
-1.104064295780615
-1.330710391436515
-1.519666766662635
-1.638065210444890
-1.627917103000923
-1.443742997981589
-1.087325421918593
-0.612343522198371
-0.095820434538693
0.397537324877952
0.827127478898997
1.160220056047081
1.353120177528949
1.355753620488226
1.139515643186961
0.725376955902642
0.189652059022720
-0.358970003804440
-0.818746931917423
-1.126785311890318
-1.265977986617095
-1.248759293528385
-1.093469880629282
-0.810010745617306
-0.405317282984706
0.092573357927952
0.610657698193117
1.034303653007780
1.247800621062459
1.190861139501751
0.893441220456089
0.464541271779936
0.041577028496046
-0.269288255648359
-0.431609501862680
-0.483026080223324
-0.507487031693828
-0.585769386319264
-0.745998377974026
-0.943438972892164
-1.084692629604786
-1.080876549484755
-0.895790935205813
-0.562663350341249
-0.164720045073539
0.206314844973663
0.490891598877453
0.680729950330025
0.808425323194931
0.917513365438304
1.032395298044771
1.141849470129333
1.199703060564044
1.143171140190433
0.927086467300237
0.560005562934162
0.115794624803400
-0.295763992634471
-0.583634615470576
-0.717271740958124
-0.727654574350181
-0.669992957686955
-0.576232142912072
-0.431569576974049
-0.190459917238935
0.181665991304002
0.670146570831663
1.200085664676052
1.659515976094051
1.943327810496993
1.992282044151321
1.808626438967092
1.448007827427947
0.998050078508677
0.552639787646139
0.187489893129625
-0.055943690513961
-0.169882500702390
-0.161931685051209
-0.033278473409057
0.223452422071459
0.597001752514480
1.019773868414775
1.355365688623060
1.435912121473391
1.139677838269718
0.464246001182127
-0.455635497721575
-1.402910029495081
-2.175096198766036
-2.666717701480056
-2.892257049627158
-2.943744629773352
-2.916945800638189
-2.852039936320163
-2.715803185815212
-2.425655147694997
-1.900248766267023
-1.113648521962435
-0.124675004924320
0.937605080828866
1.922079126413274
2.704277927303401
3.207193644847009
3.390844468417500
3.230579414397364
2.707527125554799
1.818739182980733
0.599251418588129
-0.856300261200096
-2.386388233217649
-3.781809596671736
-4.828955342924494
-5.355527006402840
-5.258466798372719
-4.516210319838527
-3.198126779861189
-1.468702974470511
0.430552411667297
2.228362171752179
3.683715680305722
4.631739198235922
4.999396556912277
4.794849733048187
4.086637026717463
2.988305527878519
1.653432399949090
0.271563216573149
-0.950727086243966
-1.829683751607839
-2.253112116219124
-2.213233463803071
-1.800773962751518
-1.160195602747980
-0.434889962901307
0.264346287606019
0.857481466854272
1.275755948111090
1.449330288257019
1.317334376099327
0.856060631802300
0.105873446825341
-0.822277319804770
-1.766970280958747
-2.556501956456827
-3.054055596485886
-3.187530739373020
-2.950317526531354
-2.377928802585215
-1.520254302648010
-0.429487568982474
0.829979886587808
2.159740387550843
3.412202362478021
4.400769980173468
4.940443423500105
4.901500290454876
4.250238456846009
3.060170355899508
1.492732147399544
-0.238398870635662
-1.901461773495175
-3.275136372563039
-4.179823642336110
-4.509866092269921
-4.251550003943972
-3.480655548408299
-2.344637241206683
-1.034081014244969
0.248082517758491
1.308542890356761
1.980041643751057
2.147182149171543
1.779866627090001
0.950705167155917
-0.178379239149651
-1.390824593763203
-2.455665730023600
-3.165699841106163
-3.370460700211122
-3.001260389230246
-2.083316479148016
-0.728191384725480
0.890511963774141
2.563933235702113
4.071779216545154
5.212207435092988
5.839235349095561
5.890476755303191
5.387036540668382
4.408146463872911
3.062300656821309
1.474223715280861
-0.211073395243915
-1.822601906997577
-3.173712762574069
-4.094258166067617
-4.477277361519874
-4.319435738160267
-3.725498729696298
-2.863835317260877
-1.898338366898491
-0.941594425568730
-0.049973797305080
0.755921039119679
1.469762390648977
2.083437091566785
2.574024358576172
2.901777536435045
3.028069516044681
2.940194699121636
2.657034049411805
2.209297941240664
1.616670831543622
0.885993032926414
0.028771569789618
-0.920993205444261
-1.897790324986813
-2.803502167340522
-3.520363884062303
-3.944224892620702
-4.022759029660781
-3.768151658965689
-3.233977919035466
-2.479972743065553
-1.555742300223628
-0.512863624020423
0.570734869350512
1.578183093865999
2.366175139798580
2.803546611991678
2.824911188311171
2.470591422564997
1.879183179285413
1.225219322545661
0.636562774380813
0.147149452907175
-0.284627223967508
-0.713609312405228
-1.150265986065368
-1.538044548162623
-1.768357707176173
-1.727310075240105
-1.360829450228463
-0.724555223880472
0.022540859172006
0.687162910078952
1.126671865731067
1.290938819532349
1.204493835561246
0.921685675633554
0.496069470186865
-0.023719876089504
-0.586838874174591
-1.135413136973378
-1.600695578970835
-1.903007834365694
-1.968122796168374
-1.756861829648938
-1.282372324485562
-0.599095425103341
0.221226977246075
1.101461273122341
1.958249029596692
2.709465525496859
3.296873982983914
3.701712744449462
3.930953572297163
3.983674988191661
3.829476534783575
3.417886107440763
2.711610106778975
1.724730862055786
0.544068144756927
-0.686161662716413
-1.816960413076310
-2.752274878074751
-3.465550162004374
-3.960113783462830
-4.213319567322651
-4.163533285242320
-3.756323039887710
-3.011031078005448
-2.059075720851413
-1.128486219413003
-0.471788160431453
-0.261064152472014
-0.500550702766050
-1.011000196279923
-1.512724512197821
-1.769265384899037
-1.692065210067414
-1.334169280817165
-0.805839019443756
-0.200024776219339
0.431210009763687
1.066875561696054
1.693827306219393
2.270453731007147
2.691745022679170
2.799114658219936
2.449693971342105
1.600843580893017
0.359867331096556
-1.030099081008955
-2.275950046274787
-3.148921915449938
-3.554447399329464
-3.517074671738571
-3.100917018524151
-2.336821813265701
-1.215835881106080
0.253215846470007
1.972261711212235
3.723598942498413
5.209394762207163
6.155027542947597
6.418954362546695
6.032040484986625
5.149552931132737
3.959978671616049
2.606557261467570
1.171070408684758
-0.276200423677957
-1.626077034013930
-2.737874950172114
-3.485471245266673
-3.790870575497743
-3.630125291546459
-3.031692784985450
-2.080616277416560
-0.911343577833505
0.326215580740033
1.501027994817218
2.497108473340738
3.183165433882870
3.420522546493168
3.139167286163637
2.406852862562220
1.398974524439894
0.294788095564897
-0.792268028859484
-1.802932304744868
-2.683880876410651
-3.357590234917460
-3.724701994771172
-3.690847615218301
-3.211293929209593
-2.341245031669807
-1.256308812752702
-0.200549849152914
0.624456246577549
1.141013903497232
1.382336612887438
1.421184830379334
1.307943135012032
1.045638239711402
0.609060049635279
-0.000285156321403
-0.703504837141673
-1.339362139141816
-1.716061935819359
-1.696013521388646
-1.258792040620597
-0.498200016827173
0.430799092536437
1.364181001779034
2.151365691869997
2.660943453610644
2.800414925961489
2.551561350267340
1.984658857997609
1.223233262284257
0.377973610170611
-0.494229939564138
-1.373453309759920
-2.233721545725635
-3.020059727215597
-3.654806662638713
-4.063418268129377
-4.208707503725022
-4.109007673994593
-3.813685164791169
-3.346009575382004
-2.665641572556180
-1.698785763703796
-0.417031429433319
1.111421512324597
2.729304632822680
4.222910392564441
5.368061100428663
5.998600600176093
6.062946452529139
5.620357249293456
4.789144634952742
3.700442689105685
2.481802434742845
1.255847250164684
0.133903226959352
-0.794528085797483
-1.461646519523600
-1.814622348856791
-1.822813930855331
-1.502140173380476
-0.934906073815624
-0.265140477834667
0.329073131727674
0.675716170501066
0.653686599028816
0.232692111070564
-0.509768535773360
-1.410548434291214
-2.273804314021652
-2.930245264305055
-3.282060591224155
-3.317184256474964
-3.092252118408902
-2.697524020959120
-2.211928167765942
-1.664009501409720
-1.027123054317194
-0.261114573679666
0.622570101932142
1.523616189758476
2.279925578177912
2.741151330542852
2.837924315877533
2.611202398521072
2.194900906510537
1.758523661811230
1.430795406246288
1.246015859027789
1.150010002729936
1.061500607689491
0.940220333903937
0.808574258830698
0.715401455652853
0.678834401468747
0.659527492076809
0.585841846038498
0.407999775329186
0.139531629671741
-0.144160911663921
-0.353386849754950
-0.442215942058722
-0.426627458953734
-0.356226260027548
-0.278780617074709
-0.224140601699569
-0.202608924376937
-0.212509693165169
-0.256786298566458
-0.354908402819961
-0.535216926339412
-0.814929378769124
-1.184520818476436
-1.600641658777980
-1.988050646110623
-2.256652631316170
-2.329671830007368
-2.169829097299669
-1.798087387744785
-1.297074361704214
-0.785446478855549
-0.372667827653570
-0.125752254184141
-0.062056195565636
-0.155903348558134
-0.349635272354304
-0.573536537322371
-0.772718298812341
-0.926046432411947
-1.046577892297186
-1.164827743715278
-1.302760273904746
-1.448607754447456
-1.545237706468344
-1.505673989830303
-1.254751161800396
-0.774124329991278
-0.122381787656190
0.584816942299278
1.226470921286923
1.731015330672263
2.102086360012234
2.399248909732321
2.681513819258768
2.947140557618969
3.116617624095719
3.078271318013295
2.762649641426120
2.190313680378984
1.465564249304805
0.726795366867679
0.083348928720167
-0.425199161187095
-0.822594518812033
-1.151737122213840
-1.430328135926607
-1.638725932278756
-1.739753414227562
-1.704165053986290
-1.524854385161757
-1.222475587459972
-0.842970638560283
-0.446293399185895
-0.098645847073406
0.128006255294080
0.167070759994350
-0.015589519136683
-0.396746843971423
-0.891987185615753
-1.386520599255672
-1.791367034740416
-2.080673701426323
-2.277987302459722
-2.409773801385659
-2.465176565588794
-2.385785138137808
-2.090713749990931
-1.527428827178532
-0.722871611061849
0.199750450232927
1.057980153902988
1.686157733461195
2.009334675155152
2.067165782436993
1.965208488945157
1.789702359308080
1.555696681583432
1.221565563527121
0.745160643749991
0.138915787685820
-0.507197980622790
-1.049123034349307
-1.348301897685746
-1.331439569531299
-1.013524635201855
-0.475822690734230
0.179914416453596
0.870096713086988
1.541335332307317
2.158059904179764
2.680008117902280
3.045549380841238
3.178987058024585
3.031733248762750
2.635295509820577
2.116783766745296
1.649246475166404
1.368523785564913
1.318638740500839
1.454060608190480
1.679563756746242
1.898982264181026
2.054950060227034
2.145878517661644
2.210737110048214
2.287740633309693
2.374581549491571
2.422948796900592
2.374407524392562
2.207064033162494
1.953033328705829
1.678276371636916
1.446521815201919
1.287127904250996
1.177679100279451
1.051636991278075
0.832051513916679
0.472857160128916
-0.018258687163632
-0.587270289157286
-1.161670602948611
-1.679467719603305
-2.108519106646386
-2.455394456855638
-2.759385267181618
-3.065532557145255
-3.386976389233218
-3.684862871483384
-3.885420542699932
-3.919520629673471
-3.751418740331336
-3.383133842870018
-2.844963964518055
-2.184629210846342
-1.460331857663007
-0.737877870953610
-0.088039611956627
0.421305965970534
0.741786169562917
0.866873313688459
0.843848614109951
0.756494953243899
0.684541617899203
0.670491476276291
0.715994677703964
0.801312131344886
0.904538277618379
1.005513463969894
1.079346476657944
1.095812032035120
1.030616892835955
0.875546555212577
0.638327893522976
0.339093791481915
0.007036395570296
-0.329261852117677
-0.655944618340384
-0.974279566583036
-1.278027215922017
-1.531136589577256
-1.675719929933271
-1.665585547807755
-1.494182504907703
-1.197157359059728
-0.833720141475833
-0.461239923898019
-0.114593316432133
0.204140140562181
0.520031034494917
0.858703862587717
1.212532835092625
1.529336740352672
1.733349925834857
1.757401828950499
1.564144329910845
1.154283752960190
0.567775047284101
-0.124094483060351
-0.836084619197584
-1.484418879847076
-1.991988074504762
-2.291033585243861
-2.335099566158616
-2.117624937626468
-1.683820281553619
-1.128507532464749
-0.579178441146850
-0.164707275559153
0.023478616774673
-0.039169574350360
-0.306769956248245
-0.686626864252825
-1.076669462183388
-1.397857017472263
-1.606274827005453
-1.682976606110977
-1.612442756703271
-1.368883083763550
-0.931410439054944
-0.324278913665808
0.356988754242172
0.965554560487270
1.359033893037501
1.457021839421022
1.270277630453159
0.886191216564514
0.418714850878796
-0.046851326017019
-0.483326361383972
-0.911767619480802
-1.358766627482170
-1.807725191966542
-2.179421273237644
-2.360050266205149
-2.261687525054716
-1.873715102094054
-1.267389453457855
-0.552428826197279
0.177206595988879
0.868142396739640
1.495872289127259
2.039503479125017
2.466573037700552
2.736936772659314
2.821176148634254
2.718492097079479
2.458324689868519
2.085920186768879
1.648581337914523
1.192105911750676
0.759097434170742
0.381442190273023
0.072799645659853
-0.170744824108403
-0.362440608533664
-0.513342950723514
-0.623588749869608
-0.683081538328390
-0.677646734417652
-0.591266073670298
-0.407576933021104
-0.120585541963495
0.249671318696224
0.652525583597472
1.018540990441409
1.279527955100846
1.389614639365066
1.341014835956471
1.163578425097027
0.905458888954491
0.610276310213703
0.309269024860100
0.030103495996829
-0.192396998605654
-0.320082098753901
-0.330453011090060
-0.231084061764905
-0.052405819157096
0.174951862137688
0.436691920218056
0.730408330787961
1.045370795354467
1.344723642753500
1.564606050770035
1.632514541805181
1.496112633162612
1.147234321631882
0.627475221425705
0.012866289216186
-0.611367714614242
-1.169760475367079
-1.601929451084104
-1.860945913548154
-1.913100228031244
-1.739450237501311
-1.338433880966430
-0.732207785847910
0.023848431288454
0.836428445159950
1.582610974495335
2.130707200577306
2.368590495422655
2.234066532707443
1.735022231700726
0.945980297977317
-0.016574450196424
-1.023866511168032
-1.956696931153616
-2.717245452939543
-3.233327254844981
-3.457221243547063
-3.362134325334159
-2.943341235888589
-2.229056528770815
-1.291991513197876
-0.244534375256530
0.784572992518131
1.675865284133177
2.332898948079104
2.685108998207648
2.690530781272287
2.345818353637961
1.700131446999872
0.860827259973476
-0.021206810233087
-0.786674797947024
-1.307653618032231
-1.514688619130440
-1.405639924085585
-1.037044851542896
-0.499302095189947
0.114306423555713
0.726332182072992
1.273410705776375
1.695718233812613
1.935017308023107
1.945947627027463
1.712194151355611
1.259285821664440
0.659019239256399
0.017988415486558
-0.552402289121560
-0.971673819811764
-1.210832453937043
-1.285434822145578
-1.229591053689676
-1.074359506753370
-0.846056139203447
-0.577649208187557
-0.313886452284113
-0.100816552612418
0.030470695685903
0.070831850794009
0.027311600308660
-0.086822333905328
-0.256412855007339
-0.460688078889729
-0.669156569565319
-0.846321641774529
-0.962176797922041
-0.997576997509618
-0.943717580547344
-0.803976418097459
-0.597949664088721
-0.359505690582339
-0.127787763150458
0.062211226958241
0.186050423426816
0.233305896515296
0.206900295474628
0.119134274761440
-0.011595690363870
-0.161861439410770
-0.304972373202602
-0.415885746206067
-0.476416463531067
-0.476598185539964
-0.413278959906146
-0.291223555093501
-0.129322269041225
0.034685457707073
0.152385618947713
0.186526801309717
0.131266067738352
0.013815831716685
-0.122563318906192
-0.237729913055655
-0.304713858145836
-0.312254658707066
-0.261367485843795
-0.157207795358287
-0.003941519336823
0.191026453191740
0.407145780957334
0.605070509381327
0.731877682857367
0.735667410872547
0.585499609569902
0.293379523041669
-0.073196487644525
-0.407729065345969
-0.614697918023148
-0.664092349788605
-0.607267877509654
-0.539011976472729
-0.535561232117566
-0.612935214135596
-0.725478145383976
-0.795803804323821
-0.757434872616289
-0.590985564923184
-0.335547249304470
-0.068250260965923
0.133431247984785
0.221829744758491
0.187951452331014
0.053170379545503
-0.143724666796252
-0.355044580532742
-0.528326337841310
-0.614340969930391
-0.582950822217523
-0.435979840453418
-0.204731579023604
0.066508185757577
0.341218859961027
0.605849733748892
0.871595730465674
1.160864914009277
1.485912572301189
1.831719487244692
2.152137308943638
2.382956760933244
2.469362846106743
2.393888472564663
2.183950395818233
1.892169001626410
1.567203872116089
1.238807050665062
0.923044762600444
0.634296372711776
0.387638650284792
0.188001451605045
0.019172795486491
-0.150760732222836
-0.346351077158237
-0.560693387611738
-0.749638378629761
-0.850331375318589
-0.814166685062260
-0.637910734072018
-0.376289905430661
-0.124562218982288
0.023549425966671
0.019802828815955
-0.118030324419530
-0.320456216714007
-0.505418774553799
-0.617839825199943
-0.647312512608070
-0.617800400778044
-0.561279611797078
-0.495488647008784
-0.418775559425385
-0.320188734998492
-0.194878825094010
-0.055082716805749
0.070142750891030
0.147089634551316
0.155331521348111
0.101356747095686
0.018249892292175
-0.049069215738214
-0.062957802606513
-0.007007699221228
0.108358707996688
0.250100081994312
0.376293229148012
0.451845806825069
0.455847404978629
0.379806663380008
0.225152395125984
0.003957880167213
-0.262459073115723
-0.551119679062497
-0.846558662303038
-1.143961571483092
-1.441808533955439
-1.726855491567127
-1.964707341569629
-2.108708957120173
-2.122205778769877
-1.996116124401850
-1.750820025382665
-1.424626738097576
-1.055950068438681
-0.667210303585980
-0.260874165851780
0.165944119015843
0.597175262464458
0.984407567491789
1.257959442449401
1.356604484541901
1.257903392345092
0.993873141639868
0.644510005243838
0.309161265816445
0.067544059022158
-0.048640420209191
-0.058146474394894
-0.008122807546314
0.057015324253330
0.117224986658662
0.177810029328552
0.253252946211779
0.348360547280313
0.447769990443511
0.516259903702029
0.510634552056080
0.401528112401752
0.193339697594750
-0.072162376444984
-0.329706684568840
-0.511706788384537
-0.567885722157906
-0.478998836500315
-0.262419887566760
0.031534092238627
0.333095850388102
0.575475256966774
0.718677204181563
0.760152203834231
0.723915625692760
0.637731780636857
0.518638773911685
0.377559033287916
0.233733382819861
0.120993818387848
0.077276088731885
0.123604586577763
0.247657384913047
0.406118152147796
0.546966946602801
0.636146425773562
0.669970215465411
0.667439283756691
0.650632763907247
0.626842859998164
0.584129056072845
0.502524728731751
0.370942211258023
0.197312017527105
0.006939289383956
-0.168753758463270
-0.307262134583955
-0.405478451975232
-0.477816406680964
-0.542294178906562
-0.605315849698487
-0.657209551330019
-0.681319981435630
-0.667814191570971
-0.619117954914688
-0.541800614865406
-0.434021421754682
-0.284237219154152
-0.086549375329545
0.139501134761764
0.343864194724791
0.465827941283583
0.470391676806545
0.377083845881580
0.257982528960478
0.201842869460231
0.266677659242335
0.451362586650972
0.700371831772560
0.932593666963888
1.075225283044958
1.087820361241780
0.969410049181715
0.748592136823887
0.463448989311479
0.143099489593919
-0.198025708991381
-0.550572520878337
-0.895426303586237
-1.199175933608296
-1.425767991877095
-1.554110895246295
-1.586310803363573
-1.541931806761393
-1.446111557133922
-1.320817972436495
-1.181599775025304
-1.036557985588271
-0.885157951815693
-0.719502530817351
-0.531749389364116
-0.324086947871003
-0.112085073773948
0.081210979049895
0.234454075862263
0.335322070369510
0.383347548794486
0.385879441098920
0.350798594785846
0.285212940538102
0.202986689226751
0.132384696328541
0.112073940414088
0.172997853756471
0.317869301554785
0.514995857224105
0.712794211699519
0.866310233716356
0.958861194361793
1.003852956201802
1.025112590785268
1.030876546136118
1.000704798668856
0.894593195565371
0.679822688284499
0.358294738796751
-0.026420404234446
-0.408338609459708
-0.729758215682429
-0.962501812776080
-1.108612956147850
-1.183077538162341
-1.192010639297462
-1.122932654869415
-0.955262553399159
-0.683736573563045
-0.337033457538259
0.023341654543752
0.326217631863360
0.523961894169016
0.614517421687148
0.635654248502255
0.635231216684621
0.641036176245386
0.652574528456292
0.656553929618849
0.650057930730179
0.653511590961199
0.703850594516437
0.831314213369667
1.035402685548329
1.276634812702696
1.489390761448973
1.607770706384685
1.590290299786377
1.430426818583258
1.148513952719001
0.774763027188693
0.338671911451102
-0.130032097168350
-0.594976659311851
-1.008999644199879
-1.316510135931765
-1.464218922424983
-1.418489072495320
-1.180602695355282
-0.789839726786330
-0.312272282347314
0.177892875014433
0.614226205293241
0.944513505772298
1.130052315900549
1.147031880605336
0.994562488715650
0.701564452293378
0.320786248764034
-0.090144597691445
-0.487414300218184
-0.847277758413320
-1.158587412044692
-1.408103006669368
-1.568573086834358
-1.599500168806803
-1.462998706838643
-1.147206754016909
-0.684613724138259
-0.152654837966743
0.347573565183366
0.723141087172783
0.912748652668809
0.891636425928019
0.663612608001299
0.253185301587107
-0.296162231857644
-0.921858542326626
-1.546471703741217
-2.087607712569230
-2.470898555819290
-2.642071743870730
-2.574289439195113
-2.270332203153972
-1.762745777246453
-1.112609243366621
-0.403151907727572
0.273607376867937
0.834070555005452
1.218931985086400
1.402326095896816
1.391069847573551
1.215783886510209
0.919557522945309
0.549357453404393
0.151683471747318
-0.228714914955252
-0.549797145604756
-0.776454589533370
-0.888399260354379
-0.886135817680597
-0.788253553651994
-0.620932342072967
-0.407701412850103
-0.165456077329900
0.092432809971162
0.348599962110927
0.575766530263008
0.739045882525150
0.807595158818662
0.768931368862463
0.636897870057572
0.449276340830319
0.257749781353343
0.114385522021259
0.056714590446624
0.095354869068097
0.211549746302304
0.368104940788159
0.527094674404531
0.662060074549351
0.757597724216430
0.800257821648789
0.771802699391138
0.653474965614878
0.440156440280976
0.154410406451350
-0.150800779263476
-0.405546056009894
-0.548046588181460
-0.549511401621191
-0.425094901576725
-0.224714631470344
-0.009681237585324
0.171158905121346
0.293420792927397
0.353890825802423
0.358928692156272
0.315644440560270
0.231920000758132
0.121968202551080
0.009013185086171
-0.080108757131249
-0.125175780478298
-0.118768532383323
-0.063979931992104
0.031537025960186
0.158014064254071
0.301924484159175
0.445987621894611
0.573767428559352
0.674615539061236
0.743476519824348
0.775440893668712
0.761196919817697
0.689373250549934
0.554140070700334
0.361668455687527
0.131873983259029
-0.103963250236358
-0.308345234722000
-0.445466388298749
-0.491013122199798
-0.439654626469522
-0.305979277084179
-0.119221555178944
0.085180334496659
0.274791138350105
0.427010441453714
0.530749898766930
0.584461762578047
0.593182064337679
0.563403038187897
0.495246010145743
0.377725645515403
0.194068356147051
-0.064012385148891
-0.382825961567073
-0.723364991683715
-1.029858439556811
-1.245913612031968
-1.331505799877684
-1.273728748094345
-1.087458024938721
-0.807022500588489
-0.473619028458539
-0.125615387821141
0.202955666976387
0.478069908843616
0.664104694997974
0.731167792107613
0.668406570151173
0.493086276839881
0.247882668829710
-0.011914708554621
-0.234794381211271
-0.387911312493870
-0.464599284252644
-0.477820742049921
-0.442389906388923
-0.360907842629315
-0.226606893830587
-0.041320337226562
0.168252812512989
0.353468564294567
0.465784941205202
0.479180752290386
0.395448181458311
0.234021969285579
0.021746888870570
-0.208495624472179
-0.416524439449064
-0.560556485296070
-0.609544628747077
-0.553708909237648
-0.406603691147173
-0.198577708523327
0.033477346234894
0.253694307650509
0.429834484898292
0.535210847548407
0.554097167390247
0.487678226982385
0.354090064795276
0.181926445133478
0.003534999353965
-0.147774072168150
-0.239684981072705
-0.246269441252858
-0.156351536632580
0.019721054326992
0.250419998349785
0.492748970393814
0.707091680207288
0.868447552144118
0.967342775419531
1.001049392267749
0.962906886417785
0.839671444638000
0.621171322130290
0.316246300323311
-0.037554179416981
-0.380402644579057
-0.651566349294320
-0.812230927203264
-0.854287850335185
-0.791608669944739
-0.644665497913152
-0.431416742389464
-0.168214022233764
0.123169853176421
0.408364536008231
0.639502191435959
0.764524445910259
0.744112727807267
0.568310866555273
0.264210430790397
-0.110563722200086
-0.487197148610235
-0.808875414777505
-1.045905661561671
-1.196163073760295
-1.273670779609400
-1.294318245758299
-1.266938154697509
-1.192249223911642
-1.067855573913761
-0.896957048468380
-0.696688786465828
-0.499130951502920
-0.341848877417572
-0.253275550984297
-0.241037947513394
-0.288555429264041
-0.362078134740676
-0.425491059577680
-0.454244703478014
-0.440157382242423
-0.386632446466757
-0.300250490716058
-0.185656237699726
-0.047209795054659
0.105496953746402
0.254486850475796
0.376311951914890
0.450510089796040
0.469827288232015
0.446832167037933
0.412222955583372
0.403402173848736
0.447929998752002
0.551673727370196
0.698977633267401
0.862737826166381
1.016229594785881
1.140138971479571
1.222190919149773
1.250796461037943
1.208425863499740
1.072183785842701
0.825185186199056
0.472922599333992
0.052705578815083
-0.370890395764779
-0.722740740131254
-0.939398226388342
-0.988675792819951
-0.878931481697903
-0.653674717214974
-0.373173319047219
-0.091787015600222
0.156591176220048
0.358077208657398
0.508186214264963
0.601682654164892
0.629394564957643
0.582235651605881
0.459333446794702
0.276105617197369
0.067837003616499
-0.115105021832385
-0.221543321318863
-0.218729206635145
-0.106475718361834
0.082335479013393
0.294993416201477
0.479144561051266
0.600722305141692
0.651223043786463
0.641473439297124
0.588186307561576
0.503557671300966
0.392535809426256
0.256020529170685
0.097149273634864
-0.073036209129044
-0.235392752082046
-0.368948032004212
-0.459358470459245
-0.504795499100331
-0.516073805447463
-0.509878516629607
-0.499662848204170
-0.492932706037822
-0.497133560492637
-0.524785421573740
-0.587918967596758
-0.684594984154634
-0.790450534183967
-0.865009514521393
-0.871003636299778
-0.794683309296783
-0.653769799631732
-0.488884317635134
-0.344669291067811
-0.250257143634083
-0.207637472261778
-0.193549767678155
-0.174589578693920
-0.127021646886866
-0.047823798486361
0.050473970207255
0.154010666223126
0.256677956843300
0.357954733846867
0.454434914226095
0.532620128901571
0.568207157123935
0.534628409365171
0.418424827694957
0.231759551521797
0.011776833546827
-0.193452762843420
-0.342397915693722
-0.411511397716882
-0.398469453612230
-0.319415201268955
-0.202752853060460
-0.080781297691197
0.020251370719970
0.088942344859123
0.130598396886199
0.158385719396885
0.179029364994668
0.185164290210141
0.160565992264112
0.092628033898320
-0.017809031334223
-0.154929105447752
-0.293981640400974
-0.410086551101757
-0.484933901163208
-0.509270443547434
-0.481860707939169
-0.406384705646278
-0.287108062960628
-0.124790672445267
0.083412603956796
0.337477758798434
0.625475848459429
0.919294419243812
1.177998736210481
1.356861949100565
1.419177331283000
1.347950393220117
1.153302647021510
0.871309720701231
0.553498807452601
0.250878852173167
-0.001119503743505
-0.190139847120093
-0.322839394071104
-0.412202572596298
-0.465388055648487
-0.480086156934803
-0.450869513229966
-0.380685761377741
-0.288835811041824
-0.208169188423656
-0.171892750039877
-0.198521026200472
-0.283873879922451
-0.402670933093144
-0.517951364434952
-0.595715248435883
-0.619027869676311
-0.592764958153711
-0.535436213062443
-0.464888071502193
-0.388642724390416
-0.304479929054630
-0.209165773804249
-0.108233918631396
-0.018674505797729
0.039661123583986
0.058979005679445
0.052700140252420
0.050435578155847
0.081230602650010
0.155771818861180
0.259439213260362
0.361288831339183
0.432392446358882
0.460367047876248
0.452101084863566
0.427207671796494
0.409305685881233
0.418497402307490
0.464232320988225
0.539198886372474
0.617985164510445
0.664120441530480
0.645688662107334
0.553221096528981
0.408532898998321
0.257011600612992
0.146661060314854
0.105147226969366
0.127232278328127
0.180797064869142
0.229195795444884
0.255261685231426
0.269438493739548
0.295806940930910
0.346705451790969
0.405135513083576
0.428310047656889
0.371813618913264
0.220227191972964
0.003537652700415
-0.214240349223766
-0.368477275727374
-0.427214987220076
-0.403224515610448
-0.339244421546058
-0.278104986614952
-0.238380976366149
-0.210802778740148
-0.174639162408815
-0.119417304749077
-0.056108747663974
-0.012371911324580
-0.017146995440493
-0.083311688806574
-0.197037940296677
-0.321470655415677
-0.415687439033183
-0.458167558472348
-0.458066190390250
-0.445689225410358
-0.450443651937985
-0.484197747827025
-0.540265996610621
-0.603161489048254
-0.658151784630684
-0.694480192081050
-0.703735732553911
-0.678335865839601
-0.612588995393311
-0.504735508438228
-0.357767130773811
-0.178934754688484
0.021028256998348
0.228422993345062
0.426817388646097
0.597751397488653
0.723548013869001
0.792583794005964
0.803908199633574
0.766999387434454
0.696456001430809
0.605197010374729
0.499211537850357
0.376082649223870
0.229191181302222
0.056304431695741
-0.132741312390653
-0.314970158263848
-0.461474382129828
-0.548640027344348
-0.565881918045797
-0.515537054733406
-0.408369556609855
-0.261794171075591
-0.102195634243010
0.035219102263473
0.115223632723837
0.117172955626023
0.045126232131673
-0.074650124604173
-0.207417453337389
-0.324819948427790
-0.410439035946408
-0.454489077907784
-0.446654612810459
-0.377460608283465
-0.247910109161696
-0.076651502068701
0.103632010034788
0.257856954618504
0.359987085514557
0.399323580374232
0.380278655913508
0.316223385158181
0.221475435879259
0.107579344377004
-0.014112344901281
-0.128410204348976
-0.216571060322769
-0.261471183628046
-0.253925167915309
-0.195921433488925
-0.099065911493616
0.020404873935781
0.147170829877332
0.269999461377214
0.381209306070094
0.473934340071471
0.540292122683120
0.572250532086863
0.564284723820334
0.515914476330541
0.433068951622908
0.327736353227252
0.214919286531556
0.106545361121005
0.005528896638170
-0.093906341360045
-0.197102756770616
-0.297405214965818
-0.373571835166601
-0.401046192580615
-0.369219300902324
-0.291132657251793
-0.197804050859784
-0.120860103969452
-0.076103500310715
-0.059529224366938
-0.056880977006754
-0.057631010200530
-0.062803299089437
-0.082970858093405
-0.130174963313321
-0.209965021812395
-0.317874615122583
-0.440806851338257
-0.560349805390243
-0.655017128280094
-0.702175839971430
-0.682603829156198
-0.587530653296535
-0.423565023569851
-0.211074324957247
0.023085675495302
0.253566648387527
0.461714322585525
0.636772988783079
0.772833999783727
0.863632564540487
0.899570577688551
0.869639259767423
0.767311150130338
0.597322427716262
0.379029833625215
0.142892611191722
-0.078510070659133
-0.259494411620635
-0.386206931381011
-0.456712166621702
-0.477059130820036
-0.455157711302842
-0.396154478709364
-0.302995247172299
-0.181482449318590
-0.044407234513731
0.089676665430435
0.202086225848006
0.279875450036008
0.318777584222755
0.322240751893572
0.297126999090046
0.248477532912650
0.177179435525715
0.082679535258102
-0.031312566142866
-0.153096745965738
-0.265394395948990
-0.353387929410560
-0.412200282250240
-0.446568684067511
-0.462305709970820
-0.457628516913760
-0.421640623892645
-0.339304658851206
-0.198621834418704
0.002701112606598
0.253328143108333
0.529209368346661
0.798591577494632
1.028716788625873
1.193048348110739
1.277107046846170
1.279582089415080
1.208009939921446
1.072189172464293
0.879507585551865
0.635068906497842
0.346941969944847
0.032679725256859
-0.279261392080280
-0.555665315554358
-0.767557762281062
-0.895659530635341
-0.931417500169185
-0.876813793832578
-0.743633127085635
-0.550678430361575
-0.319929265791053
-0.074480787245624
0.160811046068138
0.357991359866416
0.487157632365021
0.521934510109273
0.448001515260388
0.270158681186953
0.013102784465349
-0.284634983224806
-0.579400741447622
-0.829783127930041
-1.002320959913964
-1.076417570074587
-1.047686953470506
-0.928325449275867
-0.743467107996148
-0.523910750433613
-0.298367660627585
-0.089019477975251
0.088715882311644
0.224726587396698
0.313981071178695
0.357399565118554
0.361141688018062
0.333148312648208
0.279029214242204
0.199916881965981
0.093576646970217
-0.040972861266262
-0.197167530541335
-0.356600931212862
-0.489802095470618
-0.563634172314473
-0.554007551341780
-0.458180761822045
-0.299169844568234
-0.118696664343168
0.038126216565255
0.138885936068352
0.173096225677912
0.150043107089095
0.087596234369082
0.001518081371733
-0.096217745100792
-0.191844964324981
-0.266167129436209
-0.298393494932077
-0.274987502736494
-0.197343853470596
-0.083305748126398
0.039082034042147
0.143369411885779
0.216022938317374
0.260481944038439
0.291779244954934
0.325378033806880
0.366635782932750
0.407158492997828
0.431345663597108
0.429763567223516
0.409168123092393
0.389871051532956
0.391720356991284
0.420611947501290
0.466193641689332
0.510521110528370
0.539752756186478
0.550764802578194
0.548591367871937
0.537103559093648
0.511071696496727
0.457487830654295
0.366203877679287
0.241294582322105
0.103842522139748
-0.016059850856921
-0.092415864043011
-0.113289251443739
-0.082812706717970
-0.016243002196046
0.067332159140790
0.151199270827458
0.224921695166501
0.284796255809339
0.330662252562845
0.361142393781785
0.370348292530656
0.348158636868338
0.284010222050117
0.172085436272098
0.015238580778435
-0.173561596439963
-0.371962989493163
-0.551331750816452
-0.683163573059431
-0.748288099373844
-0.744954212277417
-0.690025274042668
-0.611311193057080
-0.535742580639618
-0.480312001601177
-0.449052717026090
-0.435309898474005
-0.427273021969520
-0.414173800867977
-0.390541741840707
-0.357350341308380
-0.320085722841587
-0.284517680732216
-0.252956732796837
-0.224640527331053
-0.199737486654475
-0.181407809230006
-0.172461874156633
-0.170347739641692
-0.166184559237693
-0.148718357113169
-0.110421184529574
-0.052704160859102
0.013006718416955
0.070300187495328
0.106228589085455
0.116919115796119
0.106367179716614
0.080558155251560
0.042582567274013
-0.007483109229154
-0.068732852409265
-0.135549737602783
-0.196919656260752
-0.239214963855679
-0.250713067610568
-0.226101431192896
-0.169487102716685
-0.093815498930828
-0.015479780847415
0.053794655810953
0.112634142595042
0.168136299037689
0.226965890629114
0.287285172061143
0.338478402104755
0.367572367769095
0.366824199411820
0.338262434897194
0.293141592926055
0.246776060944691
0.211767336043630
0.192406315123180
0.182023786474110
0.165814982077990
0.129608472465879
0.069531339485305
-0.003866840209386
-0.069199409966713
-0.103396249648504
-0.092063317338822
-0.036117489514729
0.048388043871109
0.137118589845114
0.207992997068989
0.250102608567565
0.265848685520750
0.265036998540949
0.254919883860525
0.233404154336203
0.191347383194799
0.123422272439911
0.039200532836486
-0.035626866580259
-0.070646457379677
-0.048217897584993
0.023465291618695
0.110552705940604
0.168441682934184
0.162957096442990
0.085025624137400
-0.048821338372704
-0.208271008954621
-0.364832813124100
-0.502045010304039
-0.615700010087392
-0.706044017941253
-0.768649301551227
-0.790895478264609
-0.756420324265690
-0.654922409788954
-0.492248294105114
-0.293764202288422
-0.095812753703730
0.070713798247561
0.192808354536937
0.275390408974185
0.331135322003866
0.369009811235988
0.389459310078842
0.388228015099950
0.364018844101374
0.322984790100430
0.277247105321963
0.240359318808176
0.223907477239623
0.236358528777618
0.282718858342135
0.363203739091836
0.470410494159338
0.587196772250279
0.688620233747834
0.749086684799830
0.751889151572813
0.695355558665525
0.591634663283851
0.459988401364323
0.319406345239545
0.183650010107499
0.060180094698241
-0.046955452392668
-0.132910793963588
-0.190021453631826
-0.209563484007453
-0.186855597006738
-0.126541543543127
-0.042741128810281
0.047605145658568
0.132914153174952
0.209897876376874
0.279844706070024
0.342198397203865
0.390379766151935
0.412502883948030
0.396491124875225
0.336699900935449
0.238205599877756
0.116089475258365
-0.009647942923401
-0.119923197297135
-0.200228216088885
-0.242511440262404
-0.246581762284751
-0.220533294408955
-0.179515188601657
-0.142785625985910
-0.128231325493812
-0.145386772508759
-0.191660457535626
-0.254720943797983
-0.318864552417986
-0.371480478759415
-0.406788401687546
-0.425612677377480
-0.432093309087418
-0.429666111396760
-0.418364050910880
-0.394498598429783
-0.353118722262608
-0.292916698426960
-0.221278756322320
-0.155114214994967
-0.114584913152278
-0.112368574698879
-0.145778103312429
-0.197952137935608
-0.247690249383947
-0.280768851763262
-0.294639138263471
-0.294261161198433
-0.284350319359013
-0.265782856467276
-0.238621139463499
-0.206564865845951
-0.176930302307658
-0.156575004900173
-0.148327783723474
-0.150290594987676
-0.156901521751648
-0.160711055265415
-0.154986442316359
-0.136529952060091
-0.107438455088685
-0.074682213185771
-0.046742524304939
-0.028826458392053
-0.020726932273915
-0.019255736584534
-0.022071885072303
-0.028612070901923
-0.037517977511986
-0.043574506199193
-0.038023646078781
-0.013359011799678
0.031112692280477
0.088217622470368
0.147720582621335
0.202388341323858
0.249181698618567
0.285450163521309
0.305940369593900
0.304318031902855
0.277059256663428
0.226045119135369
0.158592566714880
0.085252073814864
0.016344290790616
-0.040862662540919
-0.082993920162209
-0.110050808126977
-0.124584898283058
-0.130115634730647
-0.128278872156927
-0.116963476022999
-0.092190911828681
-0.052264635757784
-0.000157110371509
0.057825203573500
0.116381928412811
0.175991558872983
0.243955031800753
0.329050679229304
0.432768449898964
0.544241452415679
0.643415125062612
0.709779778231678
0.729948925180803
0.700349571020922
0.626116252533522
0.518752669688377
0.393784250572269
0.268294929864618
0.158341837519038
0.076729483016877
0.031634242494278
0.026116309399774
0.057792129421519
0.118195525836481
0.193025348556560
0.265021164382412
0.318854740318836
0.344821299954753
0.338919341764964
0.300358207226430
0.229953332658308
0.131720596703191
0.015868869850460
-0.101211750891660
-0.201880606280358
-0.274030868524934
-0.315299375951245
-0.333278011809577
-0.341777518143945
-0.353150366652449
-0.370272352528797
-0.385107663990246
-0.386679225084713
-0.372682977353712
-0.355014399222709
-0.353775560192594
-0.382818776698300
-0.436762087269235
-0.489648911985667
-0.507718711136982
-0.468488676082719
-0.373028458793016
-0.243273412206465
-0.108204200598644
0.010220854939224
0.103141953241389
0.171371305814120
0.216837004800941
0.236047487210072
0.220728431654007
0.164695812722534
0.070794083303666
-0.047668538993110
-0.171538797025184
-0.282808245065699
-0.369221478441611
-0.423841153681408
-0.441658166961211
-0.418596925760887
-0.355051853407942
-0.259791670159361
-0.149067182998030
-0.040933395210930
0.050671567220916
0.118071914073880
0.157923660500913
0.168174921105307
0.147583875688641
0.099063294210880
0.034124757751701
-0.026640761333330
-0.059666293488061
-0.048056240366759
0.011070243260927
0.105390549033089
0.212756380903019
0.310566439801479
0.383840437640037
0.426987165574308
0.439679253470679
0.421882606298692
0.372045070031807
0.289336455192087
0.178606622236468
0.054315605284202
-0.061300416349905
-0.146513676637330
-0.189771415896211
-0.194860524258704
-0.178607458173806
-0.161598454814676
-0.156983743728058
-0.164710152703667
-0.174204062397458
-0.172220158101435
-0.150741488283394
-0.111273582536930
-0.063461496895126
-0.018655276030145
0.017338085711097
0.047255506340432
0.079036934826179
0.118226256945657
0.161152185362923
0.193737412845164
0.197268011284248
0.158371159082200
0.077941399046959
-0.026346873301784
-0.125734650603943
-0.191134363280459
-0.204313518027698
-0.165675636984583
